No iterations: 200
Time (s), Position 1 (m), Velocity 1 (m s-1), Acceleration 1 (m s-2), Position 2 (m), Velocity 2 (m s-1), Acceleration 2 (m s-2)
0, 1, -1,0,2, 1,0
0.01, 0.990005, -0.998355,0.394587,2.01, 0.998355,-0.394586
0.02, 0.980043, -0.99277,0.787882,2.01996, 0.99277,-0.787883
0.03, 0.970153, -0.983262,1.17832,2.02985, 0.983262,-1.17832
0.04, 0.960374, -0.969867,1.56437,2.03963, 0.969867,-1.56437
0.05, 0.950745, -0.952636,1.9445,2.04925, 0.952636,-1.9445
0.06, 0.941305, -0.931634,2.3172,2.0587, 0.931634,-2.3172
0.07, 0.93209, -0.906942,2.681,2.06791, 0.906942,-2.681
0.08, 0.923136, -0.878653,3.03446,2.07686, 0.878653,-3.03446
0.09, 0.91448, -0.846879,3.37618,2.08552, 0.846879,-3.37618
0.1, 0.906157, -0.811741,3.70479,2.09384, 0.811741,-3.70479
0.11, 0.898197, -0.773376,4.01901,2.1018, 0.773376,-4.01901
0.12, 0.890635, -0.731934,4.31756,2.10937, 0.731934,-4.31756
0.13, 0.883499, -0.687576,4.59927,2.1165, 0.687576,-4.59927
0.14, 0.876818, -0.640475,4.86302,2.12318, 0.640475,-4.86302
0.15, 0.870619, -0.590816,5.10775,2.12938, 0.590816,-5.10775
0.16, 0.864927, -0.538792,5.33248,2.13507, 0.538792,-5.33248
0.17, 0.859764, -0.484607,5.53631,2.14024, 0.484607,-5.53631
0.18, 0.855151, -0.428474,5.71842,2.14485, 0.428474,-5.71842
0.19, 0.851106, -0.370614,5.87809,2.14889, 0.370614,-5.87809
0.2, 0.847647, -0.311252,6.01466,2.15235, 0.311252,-6.01466
0.21, 0.844786, -0.250624,6.12759,2.15521, 0.250624,-6.12759
0.22, 0.842537, -0.188966,6.2164,2.15746, 0.188966,-6.2164
0.23, 0.840907, -0.126522,6.28074,2.15909, 0.126522,-6.28075
0.24, 0.839904, -0.0635371,6.32034,2.1601, 0.0635371,-6.32034
0.25, 0.839532, -0.000260411,6.33502,2.16047, 0.000260423,-6.33502
0.26, 0.839793, 0.0630589,6.3247,2.16021, -0.0630589,-6.3247
0.27, 0.840687, 0.126171,6.28941,2.15931, -0.126171,-6.28941
0.28, 0.84221, 0.188827,6.22929,2.15779, -0.188827,-6.22929
0.29, 0.844357, 0.250778,6.14453,2.15564, -0.250778,-6.14453
0.3, 0.84712, 0.311781,6.03547,2.15288, -0.311781,-6.03548
0.31, 0.850487, 0.371593,5.90252,2.14951, -0.371593,-5.90252
0.32, 0.854447, 0.429978,5.74619,2.14555, -0.429978,-5.74619
0.33, 0.858984, 0.486704,5.56707,2.14102, -0.486704,-5.56707
0.34, 0.864081, 0.541547,5.36587,2.13592, -0.541547,-5.36587
0.35, 0.869717, 0.594289,5.14335,2.13028, -0.594289,-5.14335
0.36, 0.875872, 0.644719,4.9004,2.12413, -0.644719,-4.9004
0.37, 0.88252, 0.692639,4.63794,2.11748, -0.692639,-4.63794
0.38, 0.889636, 0.737856,4.357,2.11036, -0.737856,-4.357
0.39, 0.897192, 0.780191,4.05869,2.10281, -0.780191,-4.05869
0.4, 0.905159, 0.819475,3.74415,2.09484, -0.819475,-3.74415
0.41, 0.913506, 0.85555,3.41464,2.08649, -0.85555,-3.41464
0.42, 0.9222, 0.888273,3.07143,2.0778, -0.888273,-3.07143
0.43, 0.931206, 0.917511,2.71588,2.06879, -0.917511,-2.71588
0.44, 0.94049, 0.943148,2.34938,2.05951, -0.943148,-2.34938
0.45, 0.950014, 0.965079,1.97335,2.04999, -0.965079,-1.97335
0.46, 0.959743, 0.983215,1.5893,2.04026, -0.983215,-1.5893
0.47, 0.969636, 0.997484,1.19872,2.03036, -0.997484,-1.19872
0.48, 0.979656, 1.00782,0.80315,2.02034, -1.00782,-0.80315
0.49, 0.989763, 1.01419,0.404155,2.01024, -1.01419,-0.404157
0.5, 0.999916, 1.01657,0.00330061,2.00008, -1.01657,-0.00330218
0.51, 1.01008, 1.01493,-0.397833,1.98992, -1.01493,0.397833
0.52, 1.0202, 1.00928,-0.797658,1.9798, -1.00928,0.797658
0.53, 1.03026, 0.999649,-1.1946,1.96974, -0.999649,1.1946
0.54, 1.0402, 0.986065,-1.58708,1.9598, -0.986065,1.58708
0.55, 1.04999, 0.96858,-1.97357,1.95001, -0.96858,1.97357
0.56, 1.05959, 0.947261,-2.35251,1.94041, -0.947261,2.35251
0.57, 1.06896, 0.92219,-2.72242,1.93104, -0.92219,2.72242
0.58, 1.07806, 0.893463,-3.08183,1.92194, -0.893463,3.08183
0.59, 1.08687, 0.86119,-3.42931,1.91313, -0.86119,3.42931
0.6, 1.09533, 0.825498,-3.76349,1.90467, -0.825498,3.76349
0.61, 1.10342, 0.786524,-4.08303,1.89658, -0.786524,4.08303
0.62, 1.11112, 0.74442,-4.38667,1.88888, -0.74442,4.38667
0.63, 1.11837, 0.699351,-4.67319,1.88163, -0.699351,4.67319
0.64, 1.12517, 0.651492,-4.94147,1.87483, -0.651492,4.94147
0.65, 1.13147, 0.60103,-5.19041,1.86853, -0.60103,5.19041
0.66, 1.13727, 0.548163,-5.41904,1.86273, -0.548163,5.41904
0.67, 1.14252, 0.493098,-5.62642,1.85748, -0.493098,5.62642
0.68, 1.14721, 0.43605,-5.81174,1.85279, -0.43605,5.81174
0.69, 1.15133, 0.377245,-5.97425,1.84867, -0.377245,5.97425
0.7, 1.15485, 0.316911,-6.11328,1.84515, -0.316911,6.11328
0.71, 1.15776, 0.255287,-6.22827,1.84224, -0.255287,6.22827
0.72, 1.16006, 0.192616,-6.31876,1.83994, -0.192616,6.31876
0.73, 1.16172, 0.129142,-6.38438,1.83828, -0.129142,6.38438
0.74, 1.16274, 0.0651178,-6.42483,1.83726, -0.0651178,6.42483
0.75, 1.16313, 0.000794089,-6.43996,1.83687, -0.000794092,6.43996
0.76, 1.16287, -0.063575,-6.42968,1.83713, 0.063575,6.42968
0.77, 1.16196, -0.127736,-6.39402,1.83804, 0.127736,6.39402
0.78, 1.16042, -0.191434,-6.3331,1.83958, 0.191434,6.3331
0.79, 1.15824, -0.254419,-6.24715,1.84176, 0.254419,6.24715
0.8, 1.15544, -0.316441,-6.13649,1.84456, 0.316441,6.13649
0.81, 1.15202, -0.377255,-6.00153,1.84798, 0.377255,6.00153
0.82, 1.148, -0.436621,-5.8428,1.852, 0.436621,5.8428
0.83, 1.14339, -0.494302,-5.6609,1.85661, 0.494302,5.6609
0.84, 1.13822, -0.55007,-5.45654,1.86178, 0.55007,5.45654
0.85, 1.13249, -0.603704,-5.23052,1.86751, 0.603704,5.23052
0.86, 1.12624, -0.65499,-4.9837,1.87376, 0.65499,4.9837
0.87, 1.11948, -0.703726,-4.71706,1.88052, 0.703726,4.71706
0.88, 1.11225, -0.749716,-4.43162,1.88775, 0.749715,4.43162
0.89, 1.10458, -0.792777,-4.12849,1.89542, 0.792777,4.12849
0.9, 1.09648, -0.832738,-3.80889,1.90352, 0.832738,3.80889
0.91, 1.088, -0.869438,-3.47403,1.912, 0.869438,3.47403
0.92, 1.07916, -0.902731,-3.12525,1.92084, 0.902731,3.12525
0.93, 1.07001, -0.932484,-2.7639,1.92999, 0.932484,2.7639
0.94, 1.06058, -0.958576,-2.39141,1.93942, 0.958576,2.39141
0.95, 1.05089, -0.980901,-2.00923,1.94911, 0.980901,2.00923
0.96, 1.04101, -0.999371,-1.61887,1.95899, 0.999371,1.61887
0.97, 1.03095, -1.01391,-1.22187,1.96905, 1.01391,1.22187
0.98, 1.02077, -1.02445,-0.819781,1.97923, 1.02445,0.819781
0.99, 1.01049, -1.03096,-0.414197,1.98951, 1.03096,0.414197
1, 1.00017, -1.03341,-0.00670633,1.99983, 1.03341,0.00670633
1.01, 0.989841, -1.03177,0.401072,2.01016, 1.03177,-0.401071
1.02, 0.979545, -1.02607,0.807544,2.02046, 1.02607,-0.807545
1.03, 0.969323, -1.01631,1.21109,2.03068, 1.01631,-1.21109
1.04, 0.959215, -1.00253,1.61012,2.04078, 1.00253,-1.61012
1.05, 0.949262, -0.984791,2.00306,2.05074, 0.984791,-2.00306
1.06, 0.939502, -0.96315,2.38836,2.0605, 0.96315,-2.38836
1.07, 0.929975, -0.937695,2.76448,2.07003, 0.937695,-2.76447
1.08, 0.920718, -0.908521,3.12994,2.07928, 0.908521,-3.12994
1.09, 0.911767, -0.875743,3.48328,2.08823, 0.875743,-3.48328
1.1, 0.903159, -0.839487,3.82311,2.09684, 0.839487,-3.82311
1.11, 0.894928, -0.799895,4.14808,2.10507, 0.799895,-4.14808
1.12, 0.887106, -0.757119,4.45688,2.11289, 0.757119,-4.45689
1.13, 0.879724, -0.711327,4.7483,2.12028, 0.711327,-4.7483
1.14, 0.872812, -0.662697,5.02118,2.12719, 0.662697,-5.02118
1.15, 0.866398, -0.61142,5.27441,2.1336, 0.61142,-5.27441
1.16, 0.860506, -0.557697,5.507,2.13949, 0.557697,-5.507
1.17, 0.855161, -0.501737,5.718,2.14484, 0.501737,-5.71801
1.18, 0.850385, -0.44376,5.90658,2.14962, 0.44376,-5.90658
1.19, 0.846195, -0.383993,6.07197,2.1538, 0.383993,-6.07197
1.2, 0.84261, -0.322672,6.2135,2.15739, 0.322672,-6.2135
1.21, 0.839644, -0.260037,6.3306,2.16036, 0.260037,-6.3306
1.22, 0.837309, -0.196334,6.4228,2.16269, 0.196334,-6.4228
1.23, 0.835614, -0.131815,6.48971,2.16439, 0.131815,-6.48971
1.24, 0.834567, -0.0667334,6.53105,2.16543, 0.0667334,-6.53105
1.25, 0.834172, -0.00134538,6.54664,2.16583, 0.00134537,-6.54665
1.26, 0.834431, 0.0640909,6.53641,2.16557, -0.064091,-6.5364
1.27, 0.835344, 0.129317,6.50037,2.16466, -0.129317,-6.50037
1.28, 0.836907, 0.194076,6.43865,2.16309, -0.194076,-6.43865
1.29, 0.839115, 0.258112,6.35148,2.16088, -0.258112,-6.35148
1.3, 0.84196, 0.321171,6.23919,2.15804, -0.321171,-6.23919
1.31, 0.84543, 0.383004,6.10219,2.15457, -0.383004,-6.10219
1.32, 0.849512, 0.443366,5.94103,2.15049, -0.443366,-5.94103
1.33, 0.854191, 0.502017,5.75631,2.14581, -0.502017,-5.75631
1.34, 0.859448, 0.558726,5.54875,2.14055, -0.558726,-5.54875
1.35, 0.865264, 0.613268,5.31916,2.13474, -0.613268,-5.31916
1.36, 0.871615, 0.665424,5.06842,2.12838, -0.665425,-5.06842
1.37, 0.878477, 0.714989,4.79752,2.12152, -0.714989,-4.79752
1.38, 0.885824, 0.761765,4.5075,2.11418, -0.761765,-4.5075
1.39, 0.893625, 0.805565,4.19951,2.10637, -0.805565,-4.19951
1.4, 0.901852, 0.846214,3.87473,2.09815, -0.846214,-3.87473
1.41, 0.910471, 0.883551,3.53445,2.08953, -0.883551,-3.53445
1.42, 0.91945, 0.917425,3.18,2.08055, -0.917425,-3.18
1.43, 0.928752, 0.9477,2.81276,2.07125, -0.9477,-2.81276
1.44, 0.938341, 0.974256,2.43418,2.06166, -0.974256,-2.43418
1.45, 0.948181, 0.996983,2.04575,2.05182, -0.996983,-2.04575
1.46, 0.958231, 1.01579,1.64899,2.04177, -1.01579,-1.64898
1.47, 0.968452, 1.0306,1.24546,2.03155, -1.0306,-1.24546
1.48, 0.978805, 1.04136,0.836742,2.02119, -1.04136,-0.836742
1.49, 0.989248, 1.04801,0.42446,2.01075, -1.04801,-0.424461
1.5, 0.999741, 1.05053,0.0102281,2.00026, -1.05053,-0.0102297
1.51, 1.01024, 1.0489,-0.404314,1.98976, -1.0489,0.404314
1.52, 1.02071, 1.04313,-0.817536,1.97929, -1.04313,0.817536
1.53, 1.0311, 1.03325,-1.2278,1.9689, -1.03325,1.2278
1.54, 1.04138, 1.01928,-1.63349,1.95862, -1.01928,1.63349
1.55, 1.0515, 1.00127,-2.033,1.9485, -1.00127,2.033
1.56, 1.06142, 0.979305,-2.42474,1.93858, -0.979306,2.42474
1.57, 1.07111, 0.953459,-2.80718,1.92889, -0.953459,2.80718
1.58, 1.08052, 0.923833,-3.17879,1.91948, -0.923833,3.17879
1.59, 1.08962, 0.890542,-3.5381,1.91038, -0.890542,3.5381
1.6, 1.09837, 0.853714,-3.88367,1.90163, -0.853714,3.88367
1.61, 1.10675, 0.813492,-4.21416,1.89325, -0.813492,4.21416
1.62, 1.1147, 0.770034,-4.52822,1.8853, -0.770034,4.52822
1.63, 1.12221, 0.723507,-4.82462,1.87779, -0.723507,4.82462
1.64, 1.12924, 0.674095,-5.10217,1.87076, -0.674095,5.10217
1.65, 1.13576, 0.62199,-5.35977,1.86424, -0.62199,5.35977
1.66, 1.14176, 0.567396,-5.59639,1.85824, -0.567396,5.59639
1.67, 1.1472, 0.510526,-5.81107,1.8528, -0.510526,5.81107
1.68, 1.15206, 0.451605,-6.00296,1.84794, -0.451605,6.00296
1.69, 1.15632, 0.390862,-6.17129,1.84368, -0.390862,6.17129
1.7, 1.15997, 0.328537,-6.31537,1.84003, -0.328537,6.31537
1.71, 1.16299, 0.264874,-6.43462,1.83701, -0.264874,6.43462
1.72, 1.16537, 0.200124,-6.52855,1.83463, -0.200124,6.52855
1.73, 1.1671, 0.134541,-6.59679,1.8329, -0.134541,6.59679
1.74, 1.16817, 0.0683846,-6.63902,1.83183, -0.0683847,6.63902
1.75, 1.16858, 0.00191471,-6.65509,1.83142, -0.00191472,6.65509
1.76, 1.16832, -0.0646065,-6.6449,1.83168, 0.0646065,6.6449
1.77, 1.16739, -0.130916,-6.60848,1.83261, 0.130916,6.60848
1.78, 1.16581, -0.196753,-6.54595,1.83419, 0.196753,6.54595
1.79, 1.16357, -0.261857,-6.45755,1.83643, 0.261857,6.45755
1.8, 1.16069, -0.32597,-6.3436,1.83931, 0.32597,6.3436
1.81, 1.15716, -0.388839,-6.20455,1.84284, 0.388839,6.20455
1.82, 1.15302, -0.450214,-6.04091,1.84698, 0.450214,6.04091
1.83, 1.14827, -0.509853,-5.85333,1.85173, 0.509853,5.85333
1.84, 1.14293, -0.567519,-5.64252,1.85707, 0.567519,5.64252
1.85, 1.13702, -0.622983,-5.4093,1.86298, 0.622983,5.4093
1.86, 1.13057, -0.676024,-5.15458,1.86943, 0.676024,5.15458
1.87, 1.1236, -0.726433,-4.87935,1.8764, 0.726433,4.87935
1.88, 1.11613, -0.774008,-4.58468,1.88387, 0.774008,4.58468
1.89, 1.1082, -0.818559,-4.27173,1.8918, 0.818559,4.27173
1.9, 1.09984, -0.859909,-3.94171,1.90016, 0.859909,3.94171
1.91, 1.09109, -0.897892,-3.59592,1.90891, 0.897892,3.59592
1.92, 1.08196, -0.932357,-3.23571,1.91804, 0.932357,3.23571
1.93, 1.07251, -0.963165,-2.86249,1.92749, 0.963165,2.86249
1.94, 1.06276, -0.990192,-2.47772,1.93724, 0.990192,2.47772
1.95, 1.05276, -1.01333,-2.08293,1.94724, 1.01333,2.08293
1.96, 1.04255, -1.03248,-1.67965,1.95745, 1.03248,1.67965
1.97, 1.03216, -1.04757,-1.26949,1.96784, 1.04757,1.26949
1.98, 1.02163, -1.05854,-0.854038,1.97837, 1.05854,0.854038
1.99, 1.01102, -1.06533,-0.434946,1.98898, 1.06533,0.434946
2, 1.00035, -1.06793,-0.0138644,1.99965, 1.06793,0.0138644
