t, x0, x1, x2, x3, x4, x5, x6, x7, x8, x9, x10, x11, x12, x13, x14, x15, x16, x17, x18, x19, x20, x21, x22, x23, x24, x25, x26, x27, x28, x29, x30, x31, x32, x33, x34, x35, x36, x37, x38, x39, x40
0, 0, 1
0.0243902, 0.0487805, 0.0731707, 0.097561, 0.121951, 0.146341, 0.170732, 0.195122, 0.219512, 0.243902, 0.268293, 0.292683, 0.317073, 0.341463, 0.365854, 0.390244, 0.414634, 0.439024, 0.463415, 0.487805, 0.512195, 0.536585, 0.560976, 0.585366, 0.609756, 0.634146, 0.658537, 0.682927, 0.707317, 0.731707, 0.756098, 0.780488, 0.804878, 0.829268, 0.853659, 0.878049, 0.902439, 0.926829, 0.95122, 1, 0, 1
0.0243902, 0.0487805, 0.0731707, 0.097561, 0.121951, 0.146341, 0.170732, 0.195122, 0.219512, 0.243902, 0.268293, 0.292683, 0.317073, 0.341463, 0.365854, 0.390244, 0.414634, 0.439024, 0.463415, 0.487805, 0.512195, 0.536585, 0.560976, 0.585366, 0.609756, 0.634146, 0.658537, 0.682927, 0.707317, 0.731707, 0.756098, 0.780488, 0.804878, 0.829268, 0.853659, 0.878049, 0.902439, 0.926829, 0.95122, 2, 0, 1
0.0243902, 0.0487805, 0.0731707, 0.097561, 0.121951, 0.146341, 0.170732, 0.195122, 0.219512, 0.243902, 0.268293, 0.292683, 0.317073, 0.341463, 0.365854, 0.390244, 0.414634, 0.439024, 0.463415, 0.487805, 0.512195, 0.536585, 0.560976, 0.585366, 0.609756, 0.634146, 0.658537, 0.682927, 0.707317, 0.731707, 0.756098, 0.780488, 0.804878, 0.829268, 0.853659, 0.878049, 0.902439, 0.926829, 0.95122, 3, 0, 1
0.0243902, 0.0487805, 0.0731707, 0.097561, 0.121951, 0.146341, 0.170732, 0.195122, 0.219512, 0.243902, 0.268293, 0.292683, 0.317073, 0.341463, 0.365854, 0.390244, 0.414634, 0.439024, 0.463415, 0.487805, 0.512195, 0.536585, 0.560976, 0.585366, 0.609756, 0.634146, 0.658537, 0.682927, 0.707317, 0.731707, 0.756098, 0.780488, 0.804878, 0.829268, 0.853659, 0.878049, 0.902439, 0.926829, 0.95122, 4, 0, 1
0.0243902, 0.0487805, 0.0731707, 0.097561, 0.121951, 0.146341, 0.170732, 0.195122, 0.219512, 0.243902, 0.268293, 0.292683, 0.317073, 0.341463, 0.365854, 0.390244, 0.414634, 0.439024, 0.463415, 0.487805, 0.512195, 0.536585, 0.560976, 0.585366, 0.609756, 0.634146, 0.658537, 0.682927, 0.707317, 0.731707, 0.756098, 0.780488, 0.804878, 0.829268, 0.853659, 0.878049, 0.902439, 0.926829, 0.95122, 5, 0, 1
0.0243902, 0.0487805, 0.0731707, 0.097561, 0.121951, 0.146341, 0.170732, 0.195122, 0.219512, 0.243902, 0.268293, 0.292683, 0.317073, 0.341463, 0.365854, 0.390244, 0.414634, 0.439024, 0.463415, 0.487805, 0.512195, 0.536585, 0.560976, 0.585366, 0.609756, 0.634146, 0.658537, 0.682927, 0.707317, 0.731707, 0.756098, 0.780488, 0.804878, 0.829268, 0.853659, 0.878049, 0.902439, 0.926829, 0.95122, 6, 0, 1
0.0243902, 0.0487805, 0.0731707, 0.097561, 0.121951, 0.146341, 0.170732, 0.195122, 0.219512, 0.243902, 0.268293, 0.292683, 0.317073, 0.341463, 0.365854, 0.390244, 0.414634, 0.439024, 0.463415, 0.487805, 0.512195, 0.536585, 0.560976, 0.585366, 0.609756, 0.634146, 0.658537, 0.682927, 0.707317, 0.731707, 0.756098, 0.780488, 0.804878, 0.829268, 0.853659, 0.878049, 0.902439, 0.926829, 0.95122, 7, 0, 1
0.0243902, 0.0487805, 0.0731707, 0.097561, 0.121951, 0.146341, 0.170732, 0.195122, 0.219512, 0.243902, 0.268293, 0.292683, 0.317073, 0.341463, 0.365854, 0.390244, 0.414634, 0.439024, 0.463415, 0.487805, 0.512195, 0.536585, 0.560976, 0.585366, 0.609756, 0.634146, 0.658537, 0.682927, 0.707317, 0.731707, 0.756098, 0.780488, 0.804878, 0.829268, 0.853659, 0.878049, 0.902439, 0.926829, 0.95122, 8, 0, 1
0.0243902, 0.0487805, 0.0731707, 0.097561, 0.121951, 0.146341, 0.170732, 0.195122, 0.219512, 0.243902, 0.268293, 0.292683, 0.317073, 0.341463, 0.365854, 0.390244, 0.414634, 0.439024, 0.463415, 0.487805, 0.512195, 0.536585, 0.560976, 0.585366, 0.609756, 0.634146, 0.658537, 0.682927, 0.707317, 0.731707, 0.756098, 0.780488, 0.804878, 0.829268, 0.853659, 0.878049, 0.902439, 0.926829, 0.95122, 9, 0, 1
0.0243902, 0.0487805, 0.0731707, 0.097561, 0.121951, 0.146341, 0.170732, 0.195122, 0.219512, 0.243902, 0.268293, 0.292683, 0.317073, 0.341463, 0.365854, 0.390244, 0.414634, 0.439024, 0.463415, 0.487805, 0.512195, 0.536585, 0.560976, 0.585366, 0.609756, 0.634146, 0.658537, 0.682927, 0.707317, 0.731707, 0.756098, 0.780488, 0.804878, 0.829268, 0.853659, 0.878049, 0.902439, 0.926829, 0.95122, 10, 0, 1
0.0243902, 0.0487805, 0.0731707, 0.097561, 0.121951, 0.146341, 0.170732, 0.195122, 0.219512, 0.243902, 0.268293, 0.292683, 0.317073, 0.341463, 0.365854, 0.390244, 0.414634, 0.439024, 0.463415, 0.487805, 0.512195, 0.536585, 0.560976, 0.585366, 0.609756, 0.634146, 0.658537, 0.682927, 0.707317, 0.731707, 0.756098, 0.780488, 0.804878, 0.829268, 0.853659, 0.878049, 0.902439, 0.926829, 0.95122, 11, 0, 1
0.0243902, 0.0487805, 0.0731707, 0.097561, 0.121951, 0.146341, 0.170732, 0.195122, 0.219512, 0.243902, 0.268293, 0.292683, 0.317073, 0.341463, 0.365854, 0.390244, 0.414634, 0.439024, 0.463415, 0.487805, 0.512195, 0.536585, 0.560976, 0.585366, 0.609756, 0.634146, 0.658537, 0.682927, 0.707317, 0.731707, 0.756098, 0.780488, 0.804878, 0.829268, 0.853659, 0.878049, 0.902439, 0.926829, 0.95122, 12, 0, 1
0.0243902, 0.0487805, 0.0731707, 0.097561, 0.121951, 0.146341, 0.170732, 0.195122, 0.219512, 0.243902, 0.268293, 0.292683, 0.317073, 0.341463, 0.365854, 0.390244, 0.414634, 0.439024, 0.463415, 0.487805, 0.512195, 0.536585, 0.560976, 0.585366, 0.609756, 0.634146, 0.658537, 0.682927, 0.707317, 0.731707, 0.756098, 0.780488, 0.804878, 0.829268, 0.853659, 0.878049, 0.902439, 0.926829, 0.95122, 13, 0, 1
0.0243902, 0.0487805, 0.0731707, 0.097561, 0.121951, 0.146341, 0.170732, 0.195122, 0.219512, 0.243902, 0.268293, 0.292683, 0.317073, 0.341463, 0.365854, 0.390244, 0.414634, 0.439024, 0.463415, 0.487805, 0.512195, 0.536585, 0.560976, 0.585366, 0.609756, 0.634146, 0.658537, 0.682927, 0.707317, 0.731707, 0.756098, 0.780488, 0.804878, 0.829268, 0.853659, 0.878049, 0.902439, 0.926829, 0.95122, 14, 0, 1
0.0243902, 0.0487805, 0.0731707, 0.097561, 0.121951, 0.146341, 0.170732, 0.195122, 0.219512, 0.243902, 0.268293, 0.292683, 0.317073, 0.341463, 0.365854, 0.390244, 0.414634, 0.439024, 0.463415, 0.487805, 0.512195, 0.536585, 0.560976, 0.585366, 0.609756, 0.634146, 0.658537, 0.682927, 0.707317, 0.731707, 0.756098, 0.780488, 0.804878, 0.829268, 0.853659, 0.878049, 0.902439, 0.926829, 0.95122, 15, 0, 1
0.0243902, 0.0487805, 0.0731707, 0.097561, 0.121951, 0.146341, 0.170732, 0.195122, 0.219512, 0.243902, 0.268293, 0.292683, 0.317073, 0.341463, 0.365854, 0.390244, 0.414634, 0.439024, 0.463415, 0.487805, 0.512195, 0.536585, 0.560976, 0.585366, 0.609756, 0.634146, 0.658537, 0.682927, 0.707317, 0.731707, 0.756098, 0.780488, 0.804878, 0.829268, 0.853659, 0.878049, 0.902439, 0.926829, 0.95122, 16, 0, 1
0.0243902, 0.0487805, 0.0731707, 0.097561, 0.121951, 0.146341, 0.170732, 0.195122, 0.219512, 0.243902, 0.268293, 0.292683, 0.317073, 0.341463, 0.365854, 0.390244, 0.414634, 0.439024, 0.463415, 0.487805, 0.512195, 0.536585, 0.560976, 0.585366, 0.609756, 0.634146, 0.658537, 0.682927, 0.707317, 0.731707, 0.756098, 0.780488, 0.804878, 0.829268, 0.853659, 0.878049, 0.902439, 0.926829, 0.95122, 17, 0, 1
0.0243902, 0.0487805, 0.0731707, 0.097561, 0.121951, 0.146341, 0.170732, 0.195122, 0.219512, 0.243902, 0.268293, 0.292683, 0.317073, 0.341463, 0.365854, 0.390244, 0.414634, 0.439024, 0.463415, 0.487805, 0.512195, 0.536585, 0.560976, 0.585366, 0.609756, 0.634146, 0.658537, 0.682927, 0.707317, 0.731707, 0.756098, 0.780488, 0.804878, 0.829268, 0.853659, 0.878049, 0.902439, 0.926829, 0.95122, 18, 0, 1
0.0243902, 0.0487805, 0.0731707, 0.097561, 0.121951, 0.146341, 0.170732, 0.195122, 0.219512, 0.243902, 0.268293, 0.292683, 0.317073, 0.341463, 0.365854, 0.390244, 0.414634, 0.439024, 0.463415, 0.487805, 0.512195, 0.536585, 0.560976, 0.585366, 0.609756, 0.634146, 0.658537, 0.682927, 0.707317, 0.731707, 0.756098, 0.780488, 0.804878, 0.829268, 0.853659, 0.878049, 0.902439, 0.926829, 0.95122, 19, 0, 1
0.0243902, 0.0487805, 0.0731707, 0.097561, 0.121951, 0.146341, 0.170732, 0.195122, 0.219512, 0.243902, 0.268293, 0.292683, 0.317073, 0.341463, 0.365854, 0.390244, 0.414634, 0.439024, 0.463415, 0.487805, 0.512195, 0.536585, 0.560976, 0.585366, 0.609756, 0.634146, 0.658537, 0.682927, 0.707317, 0.731707, 0.756098, 0.780488, 0.804878, 0.829268, 0.853659, 0.878049, 0.902439, 0.926829, 0.95122, 20, 0, 1
0.0243902, 0.0487805, 0.0731707, 0.097561, 0.121951, 0.146341, 0.170732, 0.195122, 0.219512, 0.243902, 0.268293, 0.292683, 0.317073, 0.341463, 0.365854, 0.390244, 0.414634, 0.439024, 0.463415, 0.487805, 0.512195, 0.536585, 0.560976, 0.585366, 0.609756, 0.634146, 0.658537, 0.682927, 0.707317, 0.731707, 0.756098, 0.780488, 0.804878, 0.829268, 0.853659, 0.878049, 0.902439, 0.926829, 0.95122, 21, 0, 1
0.0243902, 0.0487805, 0.0731707, 0.097561, 0.121951, 0.146341, 0.170732, 0.195122, 0.219512, 0.243902, 0.268293, 0.292683, 0.317073, 0.341463, 0.365854, 0.390244, 0.414634, 0.439024, 0.463415, 0.487805, 0.512195, 0.536585, 0.560976, 0.585366, 0.609756, 0.634146, 0.658537, 0.682927, 0.707317, 0.731707, 0.756098, 0.780488, 0.804878, 0.829268, 0.853659, 0.878049, 0.902439, 0.926829, 0.95122, 22, 0, 1
0.0243902, 0.0487805, 0.0731707, 0.097561, 0.121951, 0.146341, 0.170732, 0.195122, 0.219512, 0.243902, 0.268293, 0.292683, 0.317073, 0.341463, 0.365854, 0.390244, 0.414634, 0.439024, 0.463415, 0.487805, 0.512195, 0.536585, 0.560976, 0.585366, 0.609756, 0.634146, 0.658537, 0.682927, 0.707317, 0.731707, 0.756098, 0.780488, 0.804878, 0.829268, 0.853659, 0.878049, 0.902439, 0.926829, 0.95122, 23, 0, 1
0.0243902, 0.0487805, 0.0731707, 0.097561, 0.121951, 0.146341, 0.170732, 0.195122, 0.219512, 0.243902, 0.268293, 0.292683, 0.317073, 0.341463, 0.365854, 0.390244, 0.414634, 0.439024, 0.463415, 0.487805, 0.512195, 0.536585, 0.560976, 0.585366, 0.609756, 0.634146, 0.658537, 0.682927, 0.707317, 0.731707, 0.756098, 0.780488, 0.804878, 0.829268, 0.853659, 0.878049, 0.902439, 0.926829, 0.95122, 24, 0, 1
0.0243902, 0.0487805, 0.0731707, 0.097561, 0.121951, 0.146341, 0.170732, 0.195122, 0.219512, 0.243902, 0.268293, 0.292683, 0.317073, 0.341463, 0.365854, 0.390244, 0.414634, 0.439024, 0.463415, 0.487805, 0.512195, 0.536585, 0.560976, 0.585366, 0.609756, 0.634146, 0.658537, 0.682927, 0.707317, 0.731707, 0.756098, 0.780488, 0.804878, 0.829268, 0.853659, 0.878049, 0.902439, 0.926829, 0.95122, 25, 0, 1
0.0243902, 0.0487805, 0.0731707, 0.097561, 0.121951, 0.146341, 0.170732, 0.195122, 0.219512, 0.243902, 0.268293, 0.292683, 0.317073, 0.341463, 0.365854, 0.390244, 0.414634, 0.439024, 0.463415, 0.487805, 0.512195, 0.536585, 0.560976, 0.585366, 0.609756, 0.634146, 0.658537, 0.682927, 0.707317, 0.731707, 0.756098, 0.780488, 0.804878, 0.829268, 0.853659, 0.878049, 0.902439, 0.926829, 0.95122, 26, 0, 1
0.0243902, 0.0487805, 0.0731707, 0.097561, 0.121951, 0.146341, 0.170732, 0.195122, 0.219512, 0.243902, 0.268293, 0.292683, 0.317073, 0.341463, 0.365854, 0.390244, 0.414634, 0.439024, 0.463415, 0.487805, 0.512195, 0.536585, 0.560976, 0.585366, 0.609756, 0.634146, 0.658537, 0.682927, 0.707317, 0.731707, 0.756098, 0.780488, 0.804878, 0.829268, 0.853659, 0.878049, 0.902439, 0.926829, 0.95122, 27, 0, 1
0.0243902, 0.0487805, 0.0731707, 0.097561, 0.121951, 0.146341, 0.170732, 0.195122, 0.219512, 0.243902, 0.268293, 0.292683, 0.317073, 0.341463, 0.365854, 0.390244, 0.414634, 0.439024, 0.463415, 0.487805, 0.512195, 0.536585, 0.560976, 0.585366, 0.609756, 0.634146, 0.658537, 0.682927, 0.707317, 0.731707, 0.756098, 0.780488, 0.804878, 0.829268, 0.853659, 0.878049, 0.902439, 0.926829, 0.95122, 28, 0, 1
0.0243902, 0.0487805, 0.0731707, 0.097561, 0.121951, 0.146341, 0.170732, 0.195122, 0.219512, 0.243902, 0.268293, 0.292683, 0.317073, 0.341463, 0.365854, 0.390244, 0.414634, 0.439024, 0.463415, 0.487805, 0.512195, 0.536585, 0.560976, 0.585366, 0.609756, 0.634146, 0.658537, 0.682927, 0.707317, 0.731707, 0.756098, 0.780488, 0.804878, 0.829268, 0.853659, 0.878049, 0.902439, 0.926829, 0.95122, 29, 0, 1
0.0243902, 0.0487805, 0.0731707, 0.097561, 0.121951, 0.146341, 0.170732, 0.195122, 0.219512, 0.243902, 0.268293, 0.292683, 0.317073, 0.341463, 0.365854, 0.390244, 0.414634, 0.439024, 0.463415, 0.487805, 0.512195, 0.536585, 0.560976, 0.585366, 0.609756, 0.634146, 0.658537, 0.682927, 0.707317, 0.731707, 0.756098, 0.780488, 0.804878, 0.829268, 0.853659, 0.878049, 0.902439, 0.926829, 0.95122, 30, 0, 1
0.0243902, 0.0487805, 0.0731707, 0.097561, 0.121951, 0.146341, 0.170732, 0.195122, 0.219512, 0.243902, 0.268293, 0.292683, 0.317073, 0.341463, 0.365854, 0.390244, 0.414634, 0.439024, 0.463415, 0.487805, 0.512195, 0.536585, 0.560976, 0.585366, 0.609756, 0.634146, 0.658537, 0.682927, 0.707317, 0.731707, 0.756098, 0.780488, 0.804878, 0.829268, 0.853659, 0.878049, 0.902439, 0.926829, 0.95122, 31, 0, 1
0.0243902, 0.0487805, 0.0731707, 0.097561, 0.121951, 0.146341, 0.170732, 0.195122, 0.219512, 0.243902, 0.268293, 0.292683, 0.317073, 0.341463, 0.365854, 0.390244, 0.414634, 0.439024, 0.463415, 0.487805, 0.512195, 0.536585, 0.560976, 0.585366, 0.609756, 0.634146, 0.658537, 0.682927, 0.707317, 0.731707, 0.756098, 0.780488, 0.804878, 0.829268, 0.853659, 0.878049, 0.902439, 0.926829, 0.95122, 32, 0, 1
0.0243902, 0.0487805, 0.0731707, 0.097561, 0.121951, 0.146341, 0.170732, 0.195122, 0.219512, 0.243902, 0.268293, 0.292683, 0.317073, 0.341463, 0.365854, 0.390244, 0.414634, 0.439024, 0.463415, 0.487805, 0.512195, 0.536585, 0.560976, 0.585366, 0.609756, 0.634146, 0.658537, 0.682927, 0.707317, 0.731707, 0.756098, 0.780488, 0.804878, 0.829268, 0.853659, 0.878049, 0.902439, 0.926829, 0.95122, 33, 0, 1
0.0243902, 0.0487805, 0.0731707, 0.097561, 0.121951, 0.146341, 0.170732, 0.195122, 0.219512, 0.243902, 0.268293, 0.292683, 0.317073, 0.341463, 0.365854, 0.390244, 0.414634, 0.439024, 0.463415, 0.487805, 0.512195, 0.536585, 0.560976, 0.585366, 0.609756, 0.634146, 0.658537, 0.682927, 0.707317, 0.731707, 0.756098, 0.780488, 0.804878, 0.829268, 0.853659, 0.878049, 0.902439, 0.926829, 0.95122, 34, 0, 1
0.0243902, 0.0487805, 0.0731707, 0.097561, 0.121951, 0.146341, 0.170732, 0.195122, 0.219512, 0.243902, 0.268293, 0.292683, 0.317073, 0.341463, 0.365854, 0.390244, 0.414634, 0.439024, 0.463415, 0.487805, 0.512195, 0.536585, 0.560976, 0.585366, 0.609756, 0.634146, 0.658537, 0.682927, 0.707317, 0.731707, 0.756098, 0.780488, 0.804878, 0.829268, 0.853659, 0.878049, 0.902439, 0.926829, 0.95122, 35, 0, 1
0.0243902, 0.0487805, 0.0731707, 0.097561, 0.121951, 0.146341, 0.170732, 0.195122, 0.219512, 0.243902, 0.268293, 0.292683, 0.317073, 0.341463, 0.365854, 0.390244, 0.414634, 0.439024, 0.463415, 0.487805, 0.512195, 0.536585, 0.560976, 0.585366, 0.609756, 0.634146, 0.658537, 0.682927, 0.707317, 0.731707, 0.756098, 0.780488, 0.804878, 0.829268, 0.853659, 0.878049, 0.902439, 0.926829, 0.95122, 36, 0, 1
0.0243902, 0.0487805, 0.0731707, 0.097561, 0.121951, 0.146341, 0.170732, 0.195122, 0.219512, 0.243902, 0.268293, 0.292683, 0.317073, 0.341463, 0.365854, 0.390244, 0.414634, 0.439024, 0.463415, 0.487805, 0.512195, 0.536585, 0.560976, 0.585366, 0.609756, 0.634146, 0.658537, 0.682927, 0.707317, 0.731707, 0.756098, 0.780488, 0.804878, 0.829268, 0.853659, 0.878049, 0.902439, 0.926829, 0.95122, 37, 0, 1
0.0243902, 0.0487805, 0.0731707, 0.097561, 0.121951, 0.146341, 0.170732, 0.195122, 0.219512, 0.243902, 0.268293, 0.292683, 0.317073, 0.341463, 0.365854, 0.390244, 0.414634, 0.439024, 0.463415, 0.487805, 0.512195, 0.536585, 0.560976, 0.585366, 0.609756, 0.634146, 0.658537, 0.682927, 0.707317, 0.731707, 0.756098, 0.780488, 0.804878, 0.829268, 0.853659, 0.878049, 0.902439, 0.926829, 0.95122, 38, 0, 1
0.0243902, 0.0487805, 0.0731707, 0.097561, 0.121951, 0.146341, 0.170732, 0.195122, 0.219512, 0.243902, 0.268293, 0.292683, 0.317073, 0.341463, 0.365854, 0.390244, 0.414634, 0.439024, 0.463415, 0.487805, 0.512195, 0.536585, 0.560976, 0.585366, 0.609756, 0.634146, 0.658537, 0.682927, 0.707317, 0.731707, 0.756098, 0.780488, 0.804878, 0.829268, 0.853659, 0.878049, 0.902439, 0.926829, 0.95122, 39, 0, 1
0.0243902, 0.0487805, 0.0731707, 0.097561, 0.121951, 0.146341, 0.170732, 0.195122, 0.219512, 0.243902, 0.268293, 0.292683, 0.317073, 0.341463, 0.365854, 0.390244, 0.414634, 0.439024, 0.463415, 0.487805, 0.512195, 0.536585, 0.560976, 0.585366, 0.609756, 0.634146, 0.658537, 0.682927, 0.707317, 0.731707, 0.756098, 0.780488, 0.804878, 0.829268, 0.853659, 0.878049, 0.902439, 0.926829, 0.95122, 40, 0, 1
0.0243902, 0.0487805, 0.0731707, 0.097561, 0.121951, 0.146341, 0.170732, 0.195122, 0.219512, 0.243902, 0.268293, 0.292683, 0.317073, 0.341463, 0.365854, 0.390244, 0.414634, 0.439024, 0.463415, 0.487805, 0.512195, 0.536585, 0.560976, 0.585366, 0.609756, 0.634146, 0.658537, 0.682927, 0.707317, 0.731707, 0.756098, 0.780488, 0.804878, 0.829268, 0.853659, 0.878049, 0.902439, 0.926829, 0.95122, 41, 0, 1
0.0243902, 0.0487805, 0.0731707, 0.097561, 0.121951, 0.146341, 0.170732, 0.195122, 0.219512, 0.243902, 0.268293, 0.292683, 0.317073, 0.341463, 0.365854, 0.390244, 0.414634, 0.439024, 0.463415, 0.487805, 0.512195, 0.536585, 0.560976, 0.585366, 0.609756, 0.634146, 0.658537, 0.682927, 0.707317, 0.731707, 0.756098, 0.780488, 0.804878, 0.829268, 0.853659, 0.878049, 0.902439, 0.926829, 0.95122, 42, 0, 1
0.0243902, 0.0487805, 0.0731707, 0.097561, 0.121951, 0.146341, 0.170732, 0.195122, 0.219512, 0.243902, 0.268293, 0.292683, 0.317073, 0.341463, 0.365854, 0.390244, 0.414634, 0.439024, 0.463415, 0.487805, 0.512195, 0.536585, 0.560976, 0.585366, 0.609756, 0.634146, 0.658537, 0.682927, 0.707317, 0.731707, 0.756098, 0.780488, 0.804878, 0.829268, 0.853659, 0.878049, 0.902439, 0.926829, 0.95122, 43, 0, 1
0.0243902, 0.0487805, 0.0731707, 0.097561, 0.121951, 0.146341, 0.170732, 0.195122, 0.219512, 0.243902, 0.268293, 0.292683, 0.317073, 0.341463, 0.365854, 0.390244, 0.414634, 0.439024, 0.463415, 0.487805, 0.512195, 0.536585, 0.560976, 0.585366, 0.609756, 0.634146, 0.658537, 0.682927, 0.707317, 0.731707, 0.756098, 0.780488, 0.804878, 0.829268, 0.853659, 0.878049, 0.902439, 0.926829, 0.95122, 44, 0, 1
0.0243902, 0.0487805, 0.0731707, 0.097561, 0.121951, 0.146341, 0.170732, 0.195122, 0.219512, 0.243902, 0.268293, 0.292683, 0.317073, 0.341463, 0.365854, 0.390244, 0.414634, 0.439024, 0.463415, 0.487805, 0.512195, 0.536585, 0.560976, 0.585366, 0.609756, 0.634146, 0.658537, 0.682927, 0.707317, 0.731707, 0.756098, 0.780488, 0.804878, 0.829268, 0.853659, 0.878049, 0.902439, 0.926829, 0.95122, 45, 0, 1
0.0243902, 0.0487805, 0.0731707, 0.097561, 0.121951, 0.146341, 0.170732, 0.195122, 0.219512, 0.243902, 0.268293, 0.292683, 0.317073, 0.341463, 0.365854, 0.390244, 0.414634, 0.439024, 0.463415, 0.487805, 0.512195, 0.536585, 0.560976, 0.585366, 0.609756, 0.634146, 0.658537, 0.682927, 0.707317, 0.731707, 0.756098, 0.780488, 0.804878, 0.829268, 0.853659, 0.878049, 0.902439, 0.926829, 0.95122, 46, 0, 1
0.0243902, 0.0487805, 0.0731707, 0.097561, 0.121951, 0.146341, 0.170732, 0.195122, 0.219512, 0.243902, 0.268293, 0.292683, 0.317073, 0.341463, 0.365854, 0.390244, 0.414634, 0.439024, 0.463415, 0.487805, 0.512195, 0.536585, 0.560976, 0.585366, 0.609756, 0.634146, 0.658537, 0.682927, 0.707317, 0.731707, 0.756098, 0.780488, 0.804878, 0.829268, 0.853659, 0.878049, 0.902439, 0.926829, 0.95122, 47, 0, 1
0.0243902, 0.0487805, 0.0731707, 0.097561, 0.121951, 0.146341, 0.170732, 0.195122, 0.219512, 0.243902, 0.268293, 0.292683, 0.317073, 0.341463, 0.365854, 0.390244, 0.414634, 0.439024, 0.463415, 0.487805, 0.512195, 0.536585, 0.560976, 0.585366, 0.609756, 0.634146, 0.658537, 0.682927, 0.707317, 0.731707, 0.756098, 0.780488, 0.804878, 0.829268, 0.853659, 0.878049, 0.902439, 0.926829, 0.95122, 48, 0, 1
0.0243902, 0.0487805, 0.0731707, 0.097561, 0.121951, 0.146341, 0.170732, 0.195122, 0.219512, 0.243902, 0.268293, 0.292683, 0.317073, 0.341463, 0.365854, 0.390244, 0.414634, 0.439024, 0.463415, 0.487805, 0.512195, 0.536585, 0.560976, 0.585366, 0.609756, 0.634146, 0.658537, 0.682927, 0.707317, 0.731707, 0.756098, 0.780488, 0.804878, 0.829268, 0.853659, 0.878049, 0.902439, 0.926829, 0.95122, 49, 0, 1
0.0243902, 0.0487805, 0.0731707, 0.097561, 0.121951, 0.146341, 0.170732, 0.195122, 0.219512, 0.243902, 0.268293, 0.292683, 0.317073, 0.341463, 0.365854, 0.390244, 0.414634, 0.439024, 0.463415, 0.487805, 0.512195, 0.536585, 0.560976, 0.585366, 0.609756, 0.634146, 0.658537, 0.682927, 0.707317, 0.731707, 0.756098, 0.780488, 0.804878, 0.829268, 0.853659, 0.878049, 0.902439, 0.926829, 0.95122, 50, 0, 1
0.0243902, 0.0487805, 0.0731707, 0.097561, 0.121951, 0.146341, 0.170732, 0.195122, 0.219512, 0.243902, 0.268293, 0.292683, 0.317073, 0.341463, 0.365854, 0.390244, 0.414634, 0.439024, 0.463415, 0.487805, 0.512195, 0.536585, 0.560976, 0.585366, 0.609756, 0.634146, 0.658537, 0.682927, 0.707317, 0.731707, 0.756098, 0.780488, 0.804878, 0.829268, 0.853659, 0.878049, 0.902439, 0.926829, 0.95122, 51, 0, 1
0.0243902, 0.0487805, 0.0731707, 0.097561, 0.121951, 0.146341, 0.170732, 0.195122, 0.219512, 0.243902, 0.268293, 0.292683, 0.317073, 0.341463, 0.365854, 0.390244, 0.414634, 0.439024, 0.463415, 0.487805, 0.512195, 0.536585, 0.560976, 0.585366, 0.609756, 0.634146, 0.658537, 0.682927, 0.707317, 0.731707, 0.756098, 0.780488, 0.804878, 0.829268, 0.853659, 0.878049, 0.902439, 0.926829, 0.95122, 52, 0, 1
0.0243902, 0.0487805, 0.0731707, 0.097561, 0.121951, 0.146341, 0.170732, 0.195122, 0.219512, 0.243902, 0.268293, 0.292683, 0.317073, 0.341463, 0.365854, 0.390244, 0.414634, 0.439024, 0.463415, 0.487805, 0.512195, 0.536585, 0.560976, 0.585366, 0.609756, 0.634146, 0.658537, 0.682927, 0.707317, 0.731707, 0.756098, 0.780488, 0.804878, 0.829268, 0.853659, 0.878049, 0.902439, 0.926829, 0.95122, 53, 0, 1
0.0243902, 0.0487805, 0.0731707, 0.097561, 0.121951, 0.146341, 0.170732, 0.195122, 0.219512, 0.243902, 0.268293, 0.292683, 0.317073, 0.341463, 0.365854, 0.390244, 0.414634, 0.439024, 0.463415, 0.487805, 0.512195, 0.536585, 0.560976, 0.585366, 0.609756, 0.634146, 0.658537, 0.682927, 0.707317, 0.731707, 0.756098, 0.780488, 0.804878, 0.829268, 0.853659, 0.878049, 0.902439, 0.926829, 0.95122, 54, 0, 1
0.0243902, 0.0487805, 0.0731707, 0.097561, 0.121951, 0.146341, 0.170732, 0.195122, 0.219512, 0.243902, 0.268293, 0.292683, 0.317073, 0.341463, 0.365854, 0.390244, 0.414634, 0.439024, 0.463415, 0.487805, 0.512195, 0.536585, 0.560976, 0.585366, 0.609756, 0.634146, 0.658537, 0.682927, 0.707317, 0.731707, 0.756098, 0.780488, 0.804878, 0.829268, 0.853659, 0.878049, 0.902439, 0.926829, 0.95122, 55, 0, 1
0.0243902, 0.0487805, 0.0731707, 0.097561, 0.121951, 0.146341, 0.170732, 0.195122, 0.219512, 0.243902, 0.268293, 0.292683, 0.317073, 0.341463, 0.365854, 0.390244, 0.414634, 0.439024, 0.463415, 0.487805, 0.512195, 0.536585, 0.560976, 0.585366, 0.609756, 0.634146, 0.658537, 0.682927, 0.707317, 0.731707, 0.756098, 0.780488, 0.804878, 0.829268, 0.853659, 0.878049, 0.902439, 0.926829, 0.95122, 56, 0, 1
0.0243902, 0.0487805, 0.0731707, 0.097561, 0.121951, 0.146341, 0.170732, 0.195122, 0.219512, 0.243902, 0.268293, 0.292683, 0.317073, 0.341463, 0.365854, 0.390244, 0.414634, 0.439024, 0.463415, 0.487805, 0.512195, 0.536585, 0.560976, 0.585366, 0.609756, 0.634146, 0.658537, 0.682927, 0.707317, 0.731707, 0.756098, 0.780488, 0.804878, 0.829268, 0.853659, 0.878049, 0.902439, 0.926829, 0.95122, 57, 0, 1
0.0243902, 0.0487805, 0.0731707, 0.097561, 0.121951, 0.146341, 0.170732, 0.195122, 0.219512, 0.243902, 0.268293, 0.292683, 0.317073, 0.341463, 0.365854, 0.390244, 0.414634, 0.439024, 0.463415, 0.487805, 0.512195, 0.536585, 0.560976, 0.585366, 0.609756, 0.634146, 0.658537, 0.682927, 0.707317, 0.731707, 0.756098, 0.780488, 0.804878, 0.829268, 0.853659, 0.878049, 0.902439, 0.926829, 0.95122, 58, 0, 1
0.0243902, 0.0487805, 0.0731707, 0.097561, 0.121951, 0.146341, 0.170732, 0.195122, 0.219512, 0.243902, 0.268293, 0.292683, 0.317073, 0.341463, 0.365854, 0.390244, 0.414634, 0.439024, 0.463415, 0.487805, 0.512195, 0.536585, 0.560976, 0.585366, 0.609756, 0.634146, 0.658537, 0.682927, 0.707317, 0.731707, 0.756098, 0.780488, 0.804878, 0.829268, 0.853659, 0.878049, 0.902439, 0.926829, 0.95122, 59, 0, 1
0.0243902, 0.0487805, 0.0731707, 0.097561, 0.121951, 0.146341, 0.170732, 0.195122, 0.219512, 0.243902, 0.268293, 0.292683, 0.317073, 0.341463, 0.365854, 0.390244, 0.414634, 0.439024, 0.463415, 0.487805, 0.512195, 0.536585, 0.560976, 0.585366, 0.609756, 0.634146, 0.658537, 0.682927, 0.707317, 0.731707, 0.756098, 0.780488, 0.804878, 0.829268, 0.853659, 0.878049, 0.902439, 0.926829, 0.95122, 60, 0, 1
0.0243902, 0.0487805, 0.0731707, 0.097561, 0.121951, 0.146341, 0.170732, 0.195122, 0.219512, 0.243902, 0.268293, 0.292683, 0.317073, 0.341463, 0.365854, 0.390244, 0.414634, 0.439024, 0.463415, 0.487805, 0.512195, 0.536585, 0.560976, 0.585366, 0.609756, 0.634146, 0.658537, 0.682927, 0.707317, 0.731707, 0.756098, 0.780488, 0.804878, 0.829268, 0.853659, 0.878049, 0.902439, 0.926829, 0.95122, 61, 0, 1
0.0243902, 0.0487805, 0.0731707, 0.097561, 0.121951, 0.146341, 0.170732, 0.195122, 0.219512, 0.243902, 0.268293, 0.292683, 0.317073, 0.341463, 0.365854, 0.390244, 0.414634, 0.439024, 0.463415, 0.487805, 0.512195, 0.536585, 0.560976, 0.585366, 0.609756, 0.634146, 0.658537, 0.682927, 0.707317, 0.731707, 0.756098, 0.780488, 0.804878, 0.829268, 0.853659, 0.878049, 0.902439, 0.926829, 0.95122, 62, 0, 1
0.0243902, 0.0487805, 0.0731707, 0.097561, 0.121951, 0.146341, 0.170732, 0.195122, 0.219512, 0.243902, 0.268293, 0.292683, 0.317073, 0.341463, 0.365854, 0.390244, 0.414634, 0.439024, 0.463415, 0.487805, 0.512195, 0.536585, 0.560976, 0.585366, 0.609756, 0.634146, 0.658537, 0.682927, 0.707317, 0.731707, 0.756098, 0.780488, 0.804878, 0.829268, 0.853659, 0.878049, 0.902439, 0.926829, 0.95122, 63, 0, 1
0.0243902, 0.0487805, 0.0731707, 0.097561, 0.121951, 0.146341, 0.170732, 0.195122, 0.219512, 0.243902, 0.268293, 0.292683, 0.317073, 0.341463, 0.365854, 0.390244, 0.414634, 0.439024, 0.463415, 0.487805, 0.512195, 0.536585, 0.560976, 0.585366, 0.609756, 0.634146, 0.658537, 0.682927, 0.707317, 0.731707, 0.756098, 0.780488, 0.804878, 0.829268, 0.853659, 0.878049, 0.902439, 0.926829, 0.95122, 64, 0, 1
0.0243902, 0.0487805, 0.0731707, 0.097561, 0.121951, 0.146341, 0.170732, 0.195122, 0.219512, 0.243902, 0.268293, 0.292683, 0.317073, 0.341463, 0.365854, 0.390244, 0.414634, 0.439024, 0.463415, 0.487805, 0.512195, 0.536585, 0.560976, 0.585366, 0.609756, 0.634146, 0.658537, 0.682927, 0.707317, 0.731707, 0.756098, 0.780488, 0.804878, 0.829268, 0.853659, 0.878049, 0.902439, 0.926829, 0.95122, 65, 0, 1
0.0243902, 0.0487805, 0.0731707, 0.097561, 0.121951, 0.146341, 0.170732, 0.195122, 0.219512, 0.243902, 0.268293, 0.292683, 0.317073, 0.341463, 0.365854, 0.390244, 0.414634, 0.439024, 0.463415, 0.487805, 0.512195, 0.536585, 0.560976, 0.585366, 0.609756, 0.634146, 0.658537, 0.682927, 0.707317, 0.731707, 0.756098, 0.780488, 0.804878, 0.829268, 0.853659, 0.878049, 0.902439, 0.926829, 0.95122, 66, 0, 1
0.0243902, 0.0487805, 0.0731707, 0.097561, 0.121951, 0.146341, 0.170732, 0.195122, 0.219512, 0.243902, 0.268293, 0.292683, 0.317073, 0.341463, 0.365854, 0.390244, 0.414634, 0.439024, 0.463415, 0.487805, 0.512195, 0.536585, 0.560976, 0.585366, 0.609756, 0.634146, 0.658537, 0.682927, 0.707317, 0.731707, 0.756098, 0.780488, 0.804878, 0.829268, 0.853659, 0.878049, 0.902439, 0.926829, 0.95122, 67, 0, 1
0.0243902, 0.0487805, 0.0731707, 0.097561, 0.121951, 0.146341, 0.170732, 0.195122, 0.219512, 0.243902, 0.268293, 0.292683, 0.317073, 0.341463, 0.365854, 0.390244, 0.414634, 0.439024, 0.463415, 0.487805, 0.512195, 0.536585, 0.560976, 0.585366, 0.609756, 0.634146, 0.658537, 0.682927, 0.707317, 0.731707, 0.756098, 0.780488, 0.804878, 0.829268, 0.853659, 0.878049, 0.902439, 0.926829, 0.95122, 68, 0, 1
0.0243902, 0.0487805, 0.0731707, 0.097561, 0.121951, 0.146341, 0.170732, 0.195122, 0.219512, 0.243902, 0.268293, 0.292683, 0.317073, 0.341463, 0.365854, 0.390244, 0.414634, 0.439024, 0.463415, 0.487805, 0.512195, 0.536585, 0.560976, 0.585366, 0.609756, 0.634146, 0.658537, 0.682927, 0.707317, 0.731707, 0.756098, 0.780488, 0.804878, 0.829268, 0.853659, 0.878049, 0.902439, 0.926829, 0.95122, 69, 0, 1
0.0243902, 0.0487805, 0.0731707, 0.097561, 0.121951, 0.146341, 0.170732, 0.195122, 0.219512, 0.243902, 0.268293, 0.292683, 0.317073, 0.341463, 0.365854, 0.390244, 0.414634, 0.439024, 0.463415, 0.487805, 0.512195, 0.536585, 0.560976, 0.585366, 0.609756, 0.634146, 0.658537, 0.682927, 0.707317, 0.731707, 0.756098, 0.780488, 0.804878, 0.829268, 0.853659, 0.878049, 0.902439, 0.926829, 0.95122, 70, 0, 1
0.0243902, 0.0487805, 0.0731707, 0.097561, 0.121951, 0.146341, 0.170732, 0.195122, 0.219512, 0.243902, 0.268293, 0.292683, 0.317073, 0.341463, 0.365854, 0.390244, 0.414634, 0.439024, 0.463415, 0.487805, 0.512195, 0.536585, 0.560976, 0.585366, 0.609756, 0.634146, 0.658537, 0.682927, 0.707317, 0.731707, 0.756098, 0.780488, 0.804878, 0.829268, 0.853659, 0.878049, 0.902439, 0.926829, 0.95122, 71, 0, 1
0.0243902, 0.0487805, 0.0731707, 0.097561, 0.121951, 0.146341, 0.170732, 0.195122, 0.219512, 0.243902, 0.268293, 0.292683, 0.317073, 0.341463, 0.365854, 0.390244, 0.414634, 0.439024, 0.463415, 0.487805, 0.512195, 0.536585, 0.560976, 0.585366, 0.609756, 0.634146, 0.658537, 0.682927, 0.707317, 0.731707, 0.756098, 0.780488, 0.804878, 0.829268, 0.853659, 0.878049, 0.902439, 0.926829, 0.95122, 72, 0, 1
0.0243902, 0.0487805, 0.0731707, 0.097561, 0.121951, 0.146341, 0.170732, 0.195122, 0.219512, 0.243902, 0.268293, 0.292683, 0.317073, 0.341463, 0.365854, 0.390244, 0.414634, 0.439024, 0.463415, 0.487805, 0.512195, 0.536585, 0.560976, 0.585366, 0.609756, 0.634146, 0.658537, 0.682927, 0.707317, 0.731707, 0.756098, 0.780488, 0.804878, 0.829268, 0.853659, 0.878049, 0.902439, 0.926829, 0.95122, 73, 0, 1
0.0243902, 0.0487805, 0.0731707, 0.097561, 0.121951, 0.146341, 0.170732, 0.195122, 0.219512, 0.243902, 0.268293, 0.292683, 0.317073, 0.341463, 0.365854, 0.390244, 0.414634, 0.439024, 0.463415, 0.487805, 0.512195, 0.536585, 0.560976, 0.585366, 0.609756, 0.634146, 0.658537, 0.682927, 0.707317, 0.731707, 0.756098, 0.780488, 0.804878, 0.829268, 0.853659, 0.878049, 0.902439, 0.926829, 0.95122, 74, 0, 1
0.0243902, 0.0487805, 0.0731707, 0.097561, 0.121951, 0.146341, 0.170732, 0.195122, 0.219512, 0.243902, 0.268293, 0.292683, 0.317073, 0.341463, 0.365854, 0.390244, 0.414634, 0.439024, 0.463415, 0.487805, 0.512195, 0.536585, 0.560976, 0.585366, 0.609756, 0.634146, 0.658537, 0.682927, 0.707317, 0.731707, 0.756098, 0.780488, 0.804878, 0.829268, 0.853659, 0.878049, 0.902439, 0.926829, 0.95122, 75, 0, 1
0.0243902, 0.0487805, 0.0731707, 0.097561, 0.121951, 0.146341, 0.170732, 0.195122, 0.219512, 0.243902, 0.268293, 0.292683, 0.317073, 0.341463, 0.365854, 0.390244, 0.414634, 0.439024, 0.463415, 0.487805, 0.512195, 0.536585, 0.560976, 0.585366, 0.609756, 0.634146, 0.658537, 0.682927, 0.707317, 0.731707, 0.756098, 0.780488, 0.804878, 0.829268, 0.853659, 0.878049, 0.902439, 0.926829, 0.95122, 76, 0, 1
0.0243902, 0.0487805, 0.0731707, 0.097561, 0.121951, 0.146341, 0.170732, 0.195122, 0.219512, 0.243902, 0.268293, 0.292683, 0.317073, 0.341463, 0.365854, 0.390244, 0.414634, 0.439024, 0.463415, 0.487805, 0.512195, 0.536585, 0.560976, 0.585366, 0.609756, 0.634146, 0.658537, 0.682927, 0.707317, 0.731707, 0.756098, 0.780488, 0.804878, 0.829268, 0.853659, 0.878049, 0.902439, 0.926829, 0.95122, 77, 0, 1
0.0243902, 0.0487805, 0.0731707, 0.097561, 0.121951, 0.146341, 0.170732, 0.195122, 0.219512, 0.243902, 0.268293, 0.292683, 0.317073, 0.341463, 0.365854, 0.390244, 0.414634, 0.439024, 0.463415, 0.487805, 0.512195, 0.536585, 0.560976, 0.585366, 0.609756, 0.634146, 0.658537, 0.682927, 0.707317, 0.731707, 0.756098, 0.780488, 0.804878, 0.829268, 0.853659, 0.878049, 0.902439, 0.926829, 0.95122, 78, 0, 1
0.0243902, 0.0487805, 0.0731707, 0.097561, 0.121951, 0.146341, 0.170732, 0.195122, 0.219512, 0.243902, 0.268293, 0.292683, 0.317073, 0.341463, 0.365854, 0.390244, 0.414634, 0.439024, 0.463415, 0.487805, 0.512195, 0.536585, 0.560976, 0.585366, 0.609756, 0.634146, 0.658537, 0.682927, 0.707317, 0.731707, 0.756098, 0.780488, 0.804878, 0.829268, 0.853659, 0.878049, 0.902439, 0.926829, 0.95122, 79, 0, 1
0.0243902, 0.0487805, 0.0731707, 0.097561, 0.121951, 0.146341, 0.170732, 0.195122, 0.219512, 0.243902, 0.268293, 0.292683, 0.317073, 0.341463, 0.365854, 0.390244, 0.414634, 0.439024, 0.463415, 0.487805, 0.512195, 0.536585, 0.560976, 0.585366, 0.609756, 0.634146, 0.658537, 0.682927, 0.707317, 0.731707, 0.756098, 0.780488, 0.804878, 0.829268, 0.853659, 0.878049, 0.902439, 0.926829, 0.95122, 80, 0, 1
0.0243902, 0.0487805, 0.0731707, 0.097561, 0.121951, 0.146341, 0.170732, 0.195122, 0.219512, 0.243902, 0.268293, 0.292683, 0.317073, 0.341463, 0.365854, 0.390244, 0.414634, 0.439024, 0.463415, 0.487805, 0.512195, 0.536585, 0.560976, 0.585366, 0.609756, 0.634146, 0.658537, 0.682927, 0.707317, 0.731707, 0.756098, 0.780488, 0.804878, 0.829268, 0.853659, 0.878049, 0.902439, 0.926829, 0.95122, 81, 0, 1
0.0243902, 0.0487805, 0.0731707, 0.097561, 0.121951, 0.146341, 0.170732, 0.195122, 0.219512, 0.243902, 0.268293, 0.292683, 0.317073, 0.341463, 0.365854, 0.390244, 0.414634, 0.439024, 0.463415, 0.487805, 0.512195, 0.536585, 0.560976, 0.585366, 0.609756, 0.634146, 0.658537, 0.682927, 0.707317, 0.731707, 0.756098, 0.780488, 0.804878, 0.829268, 0.853659, 0.878049, 0.902439, 0.926829, 0.95122, 82, 0, 1
0.0243902, 0.0487805, 0.0731707, 0.097561, 0.121951, 0.146341, 0.170732, 0.195122, 0.219512, 0.243902, 0.268293, 0.292683, 0.317073, 0.341463, 0.365854, 0.390244, 0.414634, 0.439024, 0.463415, 0.487805, 0.512195, 0.536585, 0.560976, 0.585366, 0.609756, 0.634146, 0.658537, 0.682927, 0.707317, 0.731707, 0.756098, 0.780488, 0.804878, 0.829268, 0.853659, 0.878049, 0.902439, 0.926829, 0.95122, 83, 0, 1
0.0243902, 0.0487805, 0.0731707, 0.097561, 0.121951, 0.146341, 0.170732, 0.195122, 0.219512, 0.243902, 0.268293, 0.292683, 0.317073, 0.341463, 0.365854, 0.390244, 0.414634, 0.439024, 0.463415, 0.487805, 0.512195, 0.536585, 0.560976, 0.585366, 0.609756, 0.634146, 0.658537, 0.682927, 0.707317, 0.731707, 0.756098, 0.780488, 0.804878, 0.829268, 0.853659, 0.878049, 0.902439, 0.926829, 0.95122, 84, 0, 1
0.0243902, 0.0487805, 0.0731707, 0.097561, 0.121951, 0.146341, 0.170732, 0.195122, 0.219512, 0.243902, 0.268293, 0.292683, 0.317073, 0.341463, 0.365854, 0.390244, 0.414634, 0.439024, 0.463415, 0.487805, 0.512195, 0.536585, 0.560976, 0.585366, 0.609756, 0.634146, 0.658537, 0.682927, 0.707317, 0.731707, 0.756098, 0.780488, 0.804878, 0.829268, 0.853659, 0.878049, 0.902439, 0.926829, 0.95122, 85, 0, 1
0.0243902, 0.0487805, 0.0731707, 0.097561, 0.121951, 0.146341, 0.170732, 0.195122, 0.219512, 0.243902, 0.268293, 0.292683, 0.317073, 0.341463, 0.365854, 0.390244, 0.414634, 0.439024, 0.463415, 0.487805, 0.512195, 0.536585, 0.560976, 0.585366, 0.609756, 0.634146, 0.658537, 0.682927, 0.707317, 0.731707, 0.756098, 0.780488, 0.804878, 0.829268, 0.853659, 0.878049, 0.902439, 0.926829, 0.95122, 86, 0, 1
0.0243902, 0.0487805, 0.0731707, 0.097561, 0.121951, 0.146341, 0.170732, 0.195122, 0.219512, 0.243902, 0.268293, 0.292683, 0.317073, 0.341463, 0.365854, 0.390244, 0.414634, 0.439024, 0.463415, 0.487805, 0.512195, 0.536585, 0.560976, 0.585366, 0.609756, 0.634146, 0.658537, 0.682927, 0.707317, 0.731707, 0.756098, 0.780488, 0.804878, 0.829268, 0.853659, 0.878049, 0.902439, 0.926829, 0.95122, 87, 0, 1
0.0243902, 0.0487805, 0.0731707, 0.097561, 0.121951, 0.146341, 0.170732, 0.195122, 0.219512, 0.243902, 0.268293, 0.292683, 0.317073, 0.341463, 0.365854, 0.390244, 0.414634, 0.439024, 0.463415, 0.487805, 0.512195, 0.536585, 0.560976, 0.585366, 0.609756, 0.634146, 0.658537, 0.682927, 0.707317, 0.731707, 0.756098, 0.780488, 0.804878, 0.829268, 0.853659, 0.878049, 0.902439, 0.926829, 0.95122, 88, 0, 1
0.0243902, 0.0487805, 0.0731707, 0.097561, 0.121951, 0.146341, 0.170732, 0.195122, 0.219512, 0.243902, 0.268293, 0.292683, 0.317073, 0.341463, 0.365854, 0.390244, 0.414634, 0.439024, 0.463415, 0.487805, 0.512195, 0.536585, 0.560976, 0.585366, 0.609756, 0.634146, 0.658537, 0.682927, 0.707317, 0.731707, 0.756098, 0.780488, 0.804878, 0.829268, 0.853659, 0.878049, 0.902439, 0.926829, 0.95122, 89, 0, 1
0.0243902, 0.0487805, 0.0731707, 0.097561, 0.121951, 0.146341, 0.170732, 0.195122, 0.219512, 0.243902, 0.268293, 0.292683, 0.317073, 0.341463, 0.365854, 0.390244, 0.414634, 0.439024, 0.463415, 0.487805, 0.512195, 0.536585, 0.560976, 0.585366, 0.609756, 0.634146, 0.658537, 0.682927, 0.707317, 0.731707, 0.756098, 0.780488, 0.804878, 0.829268, 0.853659, 0.878049, 0.902439, 0.926829, 0.95122, 90, 0, 1
0.0243902, 0.0487805, 0.0731707, 0.097561, 0.121951, 0.146341, 0.170732, 0.195122, 0.219512, 0.243902, 0.268293, 0.292683, 0.317073, 0.341463, 0.365854, 0.390244, 0.414634, 0.439024, 0.463415, 0.487805, 0.512195, 0.536585, 0.560976, 0.585366, 0.609756, 0.634146, 0.658537, 0.682927, 0.707317, 0.731707, 0.756098, 0.780488, 0.804878, 0.829268, 0.853659, 0.878049, 0.902439, 0.926829, 0.95122, 91, 0, 1
0.0243902, 0.0487805, 0.0731707, 0.097561, 0.121951, 0.146341, 0.170732, 0.195122, 0.219512, 0.243902, 0.268293, 0.292683, 0.317073, 0.341463, 0.365854, 0.390244, 0.414634, 0.439024, 0.463415, 0.487805, 0.512195, 0.536585, 0.560976, 0.585366, 0.609756, 0.634146, 0.658537, 0.682927, 0.707317, 0.731707, 0.756098, 0.780488, 0.804878, 0.829268, 0.853659, 0.878049, 0.902439, 0.926829, 0.95122, 92, 0, 1
0.0243902, 0.0487805, 0.0731707, 0.097561, 0.121951, 0.146341, 0.170732, 0.195122, 0.219512, 0.243902, 0.268293, 0.292683, 0.317073, 0.341463, 0.365854, 0.390244, 0.414634, 0.439024, 0.463415, 0.487805, 0.512195, 0.536585, 0.560976, 0.585366, 0.609756, 0.634146, 0.658537, 0.682927, 0.707317, 0.731707, 0.756098, 0.780488, 0.804878, 0.829268, 0.853659, 0.878049, 0.902439, 0.926829, 0.95122, 93, 0, 1
0.0243902, 0.0487805, 0.0731707, 0.097561, 0.121951, 0.146341, 0.170732, 0.195122, 0.219512, 0.243902, 0.268293, 0.292683, 0.317073, 0.341463, 0.365854, 0.390244, 0.414634, 0.439024, 0.463415, 0.487805, 0.512195, 0.536585, 0.560976, 0.585366, 0.609756, 0.634146, 0.658537, 0.682927, 0.707317, 0.731707, 0.756098, 0.780488, 0.804878, 0.829268, 0.853659, 0.878049, 0.902439, 0.926829, 0.95122, 94, 0, 1
0.0243902, 0.0487805, 0.0731707, 0.097561, 0.121951, 0.146341, 0.170732, 0.195122, 0.219512, 0.243902, 0.268293, 0.292683, 0.317073, 0.341463, 0.365854, 0.390244, 0.414634, 0.439024, 0.463415, 0.487805, 0.512195, 0.536585, 0.560976, 0.585366, 0.609756, 0.634146, 0.658537, 0.682927, 0.707317, 0.731707, 0.756098, 0.780488, 0.804878, 0.829268, 0.853659, 0.878049, 0.902439, 0.926829, 0.95122, 95, 0, 1
0.0243902, 0.0487805, 0.0731707, 0.097561, 0.121951, 0.146341, 0.170732, 0.195122, 0.219512, 0.243902, 0.268293, 0.292683, 0.317073, 0.341463, 0.365854, 0.390244, 0.414634, 0.439024, 0.463415, 0.487805, 0.512195, 0.536585, 0.560976, 0.585366, 0.609756, 0.634146, 0.658537, 0.682927, 0.707317, 0.731707, 0.756098, 0.780488, 0.804878, 0.829268, 0.853659, 0.878049, 0.902439, 0.926829, 0.95122, 96, 0, 1
0.0243902, 0.0487805, 0.0731707, 0.097561, 0.121951, 0.146341, 0.170732, 0.195122, 0.219512, 0.243902, 0.268293, 0.292683, 0.317073, 0.341463, 0.365854, 0.390244, 0.414634, 0.439024, 0.463415, 0.487805, 0.512195, 0.536585, 0.560976, 0.585366, 0.609756, 0.634146, 0.658537, 0.682927, 0.707317, 0.731707, 0.756098, 0.780488, 0.804878, 0.829268, 0.853659, 0.878049, 0.902439, 0.926829, 0.95122, 97, 0, 1
0.0243902, 0.0487805, 0.0731707, 0.097561, 0.121951, 0.146341, 0.170732, 0.195122, 0.219512, 0.243902, 0.268293, 0.292683, 0.317073, 0.341463, 0.365854, 0.390244, 0.414634, 0.439024, 0.463415, 0.487805, 0.512195, 0.536585, 0.560976, 0.585366, 0.609756, 0.634146, 0.658537, 0.682927, 0.707317, 0.731707, 0.756098, 0.780488, 0.804878, 0.829268, 0.853659, 0.878049, 0.902439, 0.926829, 0.95122, 98, 0, 1
0.0243902, 0.0487805, 0.0731707, 0.097561, 0.121951, 0.146341, 0.170732, 0.195122, 0.219512, 0.243902, 0.268293, 0.292683, 0.317073, 0.341463, 0.365854, 0.390244, 0.414634, 0.439024, 0.463415, 0.487805, 0.512195, 0.536585, 0.560976, 0.585366, 0.609756, 0.634146, 0.658537, 0.682927, 0.707317, 0.731707, 0.756098, 0.780488, 0.804878, 0.829268, 0.853659, 0.878049, 0.902439, 0.926829, 0.95122, 99, 0, 1
0.0243902, 0.0487805, 0.0731707, 0.097561, 0.121951, 0.146341, 0.170732, 0.195122, 0.219512, 0.243902, 0.268293, 0.292683, 0.317073, 0.341463, 0.365854, 0.390244, 0.414634, 0.439024, 0.463415, 0.487805, 0.512195, 0.536585, 0.560976, 0.585366, 0.609756, 0.634146, 0.658537, 0.682927, 0.707317, 0.731707, 0.756098, 0.780488, 0.804878, 0.829268, 0.853659, 0.878049, 0.902439, 0.926829, 0.95122, 100, 0, 1
0.0243902, 0.0487805, 0.0731707, 0.097561, 0.121951, 0.146341, 0.170732, 0.195122, 0.219512, 0.243902, 0.268293, 0.292683, 0.317073, 0.341463, 0.365854, 0.390244, 0.414634, 0.439024, 0.463415, 0.487805, 0.512195, 0.536585, 0.560976, 0.585366, 0.609756, 0.634146, 0.658537, 0.682927, 0.707317, 0.731707, 0.756098, 0.780488, 0.804878, 0.829268, 0.853659, 0.878049, 0.902439, 0.926829, 0.95122, 