No iterations: 800
Time (s), Position 1 (cm), Velocity 1 (cm s-1), Acceleration 1 (cm s-2), Position 2 (cm), Velocity 2 (cm s-1), Acceleration 2 (cm s-2)
0, 4, -1,0,8, 1,0
0.01, 3.99, -1,0.0150002,8.01, 1,-0.0150003
0.02, 3.98, -0.99985,0.03,8.02, 0.99985,-0.0300007
0.03, 3.97, -0.99955,0.044998,8.03, 0.99955,-0.0449982
0.04, 3.96001, -0.9991,0.0599912,8.03999, 0.9991,-0.0599914
0.05, 3.95002, -0.9985,0.0749774,8.04998, 0.9985,-0.0749774
0.06, 3.94003, -0.99775,0.0899549,8.05997, 0.99775,-0.0899549
0.07, 3.93005, -0.996851,0.104921,8.06995, 0.996851,-0.104921
0.08, 3.92008, -0.995802,0.119874,8.07992, 0.995802,-0.119874
0.09, 3.91013, -0.994603,0.134811,8.08987, 0.994603,-0.134811
0.1, 3.90018, -0.993255,0.14973,8.09982, 0.993255,-0.14973
0.11, 3.89025, -0.991757,0.164629,8.10975, 0.991757,-0.164629
0.12, 3.88033, -0.990111,0.179505,8.11967, 0.990111,-0.179505
0.13, 3.87043, -0.988316,0.194357,8.12957, 0.988316,-0.194356
0.14, 3.86055, -0.986373,0.209182,8.13945, 0.986373,-0.209182
0.15, 3.85068, -0.984281,0.223977,8.14932, 0.984281,-0.223977
0.16, 3.84084, -0.982041,0.238742,8.15916, 0.982041,-0.238741
0.17, 3.83102, -0.979654,0.253472,8.16898, 0.979654,-0.253472
0.18, 3.82122, -0.977119,0.268167,8.17878, 0.977119,-0.268167
0.19, 3.81145, -0.974437,0.282824,8.18855, 0.974437,-0.282824
0.2, 3.80171, -0.971609,0.29744,8.19829, 0.971609,-0.297441
0.21, 3.79199, -0.968634,0.312014,8.20801, 0.968634,-0.312015
0.22, 3.7823, -0.965514,0.326544,8.2177, 0.965514,-0.326544
0.23, 3.77265, -0.962249,0.341027,8.22735, 0.962249,-0.341027
0.24, 3.76303, -0.958839,0.35546,8.23697, 0.958839,-0.355461
0.25, 3.75344, -0.955284,0.369843,8.24656, 0.955284,-0.369843
0.26, 3.74389, -0.951586,0.384172,8.25611, 0.951586,-0.384172
0.27, 3.73437, -0.947744,0.398446,8.26563, 0.947744,-0.398446
0.28, 3.72489, -0.943759,0.412662,8.27511, 0.943759,-0.412663
0.29, 3.71545, -0.939633,0.426819,8.28455, 0.939633,-0.426819
0.3, 3.70606, -0.935365,0.440913,8.29394, 0.935365,-0.440914
0.31, 3.6967, -0.930955,0.454943,8.3033, 0.930955,-0.454944
0.32, 3.68739, -0.926406,0.468908,8.31261, 0.926406,-0.468907
0.33, 3.67813, -0.921717,0.482804,8.32187, 0.921717,-0.482803
0.34, 3.66891, -0.916889,0.496629,8.33109, 0.916889,-0.496629
0.35, 3.65974, -0.911923,0.510383,8.34026, 0.911923,-0.510384
0.36, 3.65063, -0.906819,0.524062,8.34937, 0.906819,-0.524062
0.37, 3.64156, -0.901578,0.537664,8.35844, 0.901578,-0.537663
0.38, 3.63254, -0.896202,0.551188,8.36746, 0.896202,-0.551188
0.39, 3.62358, -0.89069,0.564631,8.37642, 0.89069,-0.564631
0.4, 3.61467, -0.885043,0.577991,8.38533, 0.885043,-0.577991
0.41, 3.60582, -0.879263,0.591267,8.39418, 0.879263,-0.591266
0.42, 3.59703, -0.873351,0.604456,8.40297, 0.873351,-0.604455
0.43, 3.5883, -0.867306,0.617556,8.4117, 0.867306,-0.617556
0.44, 3.57962, -0.861131,0.630565,8.42038, 0.861131,-0.630565
0.45, 3.57101, -0.854825,0.643483,8.42899, 0.854825,-0.643483
0.46, 3.56246, -0.84839,0.656305,8.43754, 0.84839,-0.656304
0.47, 3.55398, -0.841827,0.669031,8.44602, 0.841827,-0.66903
0.48, 3.54556, -0.835137,0.681658,8.45444, 0.835137,-0.681659
0.49, 3.53721, -0.82832,0.694186,8.46279, 0.82832,-0.694186
0.5, 3.52893, -0.821378,0.70661,8.47107, 0.821378,-0.70661
0.51, 3.52071, -0.814312,0.718931,8.47929, 0.814312,-0.718931
0.52, 3.51257, -0.807123,0.731146,8.48743, 0.807123,-0.731146
0.53, 3.5045, -0.799812,0.743252,8.4955, 0.799812,-0.743252
0.54, 3.4965, -0.792379,0.755249,8.5035, 0.792379,-0.75525
0.55, 3.48858, -0.784827,0.767135,8.51142, 0.784826,-0.767135
0.56, 3.48073, -0.777155,0.778908,8.51927, 0.777155,-0.778908
0.57, 3.47296, -0.769366,0.790565,8.52704, 0.769366,-0.790565
0.58, 3.46526, -0.76146,0.802105,8.53474, 0.76146,-0.802105
0.59, 3.45765, -0.753439,0.813527,8.54235, 0.753439,-0.813528
0.6, 3.45011, -0.745304,0.824829,8.54989, 0.745304,-0.824829
0.61, 3.44266, -0.737056,0.836008,8.55734, 0.737056,-0.836008
0.62, 3.43529, -0.728696,0.847064,8.56471, 0.728696,-0.847064
0.63, 3.428, -0.720225,0.857995,8.572, 0.720225,-0.857995
0.64, 3.4208, -0.711645,0.868798,8.5792, 0.711645,-0.868798
0.65, 3.41368, -0.702957,0.879473,8.58632, 0.702957,-0.879473
0.66, 3.40666, -0.694162,0.890017,8.59334, 0.694162,-0.890017
0.67, 3.39971, -0.685262,0.90043,8.60029, 0.685262,-0.90043
0.68, 3.39286, -0.676258,0.910708,8.60714, 0.676258,-0.910708
0.69, 3.3861, -0.667151,0.920852,8.6139, 0.667151,-0.920852
0.7, 3.37943, -0.657942,0.93086,8.62057, 0.657942,-0.93086
0.71, 3.37285, -0.648634,0.940729,8.62715, 0.648634,-0.940729
0.72, 3.36636, -0.639226,0.950458,8.63364, 0.639226,-0.950458
0.73, 3.35997, -0.629722,0.960046,8.64003, 0.629722,-0.960046
0.74, 3.35367, -0.620121,0.969492,8.64633, 0.620121,-0.969492
0.75, 3.34747, -0.610427,0.978794,8.65253, 0.610427,-0.978795
0.76, 3.34137, -0.600639,0.987951,8.65863, 0.600639,-0.987951
0.77, 3.33536, -0.590759,0.99696,8.66464, 0.590759,-0.996961
0.78, 3.32945, -0.580789,1.00582,8.67055, 0.580789,-1.00582
0.79, 3.32364, -0.570731,1.01453,8.67636, 0.570731,-1.01453
0.8, 3.31794, -0.560586,1.02309,8.68206, 0.560586,-1.02309
0.81, 3.31233, -0.550355,1.0315,8.68767, 0.550355,-1.0315
0.82, 3.30683, -0.54004,1.03976,8.69317, 0.54004,-1.03976
0.83, 3.30143, -0.529642,1.04786,8.69857, 0.529642,-1.04786
0.84, 3.29613, -0.519164,1.0558,8.70387, 0.519164,-1.0558
0.85, 3.29094, -0.508606,1.06359,8.70906, 0.508606,-1.06359
0.86, 3.28585, -0.49797,1.07122,8.71415, 0.49797,-1.07122
0.87, 3.28087, -0.487258,1.07869,8.71913, 0.487258,-1.07869
0.88, 3.276, -0.476471,1.086,8.724, 0.476471,-1.086
0.89, 3.27124, -0.465611,1.09315,8.72876, 0.465611,-1.09315
0.9, 3.26658, -0.454679,1.10013,8.73342, 0.454679,-1.10013
0.91, 3.26203, -0.443678,1.10695,8.73797, 0.443678,-1.10695
0.92, 3.2576, -0.432608,1.11361,8.7424, 0.432608,-1.11361
0.93, 3.25327, -0.421472,1.12009,8.74673, 0.421472,-1.12009
0.94, 3.24906, -0.410271,1.12642,8.75094, 0.410271,-1.12642
0.95, 3.24495, -0.399007,1.13257,8.75505, 0.399007,-1.13257
0.96, 3.24096, -0.387682,1.13856,8.75904, 0.387682,-1.13856
0.97, 3.23709, -0.376296,1.14437,8.76291, 0.376296,-1.14437
0.98, 3.23332, -0.364852,1.15002,8.76668, 0.364852,-1.15002
0.99, 3.22967, -0.353352,1.15549,8.77033, 0.353352,-1.15549
1, 3.22614, -0.341797,1.16079,8.77386, 0.341797,-1.16079
1.01, 3.22272, -0.330189,1.16592,8.77728, 0.330189,-1.16592
1.02, 3.21942, -0.31853,1.17087,8.78058, 0.31853,-1.17087
1.03, 3.21624, -0.306822,1.17565,8.78376, 0.306822,-1.17565
1.04, 3.21317, -0.295065,1.18025,8.78683, 0.295065,-1.18025
1.05, 3.21022, -0.283263,1.18467,8.78978, 0.283263,-1.18467
1.06, 3.20738, -0.271416,1.18892,8.79262, 0.271416,-1.18892
1.07, 3.20467, -0.259527,1.19299,8.79533, 0.259527,-1.193
1.08, 3.20207, -0.247597,1.19689,8.79793, 0.247597,-1.19689
1.09, 3.1996, -0.235628,1.2006,8.8004, 0.235628,-1.2006
1.1, 3.19724, -0.223622,1.20414,8.80276, 0.223622,-1.20414
1.11, 3.19501, -0.21158,1.20749,8.80499, 0.21158,-1.20749
1.12, 3.19289, -0.199506,1.21066,8.80711, 0.199506,-1.21066
1.13, 3.1909, -0.187399,1.21366,8.8091, 0.187399,-1.21366
1.14, 3.18902, -0.175262,1.21647,8.81098, 0.175262,-1.21647
1.15, 3.18727, -0.163098,1.2191,8.81273, 0.163098,-1.2191
1.16, 3.18564, -0.150907,1.22154,8.81436, 0.150907,-1.22154
1.17, 3.18413, -0.138691,1.22381,8.81587, 0.138691,-1.22381
1.18, 3.18274, -0.126453,1.22589,8.81726, 0.126453,-1.22589
1.19, 3.18148, -0.114194,1.22778,8.81852, 0.114194,-1.22778
1.2, 3.18034, -0.101917,1.2295,8.81966, 0.101917,-1.2295
1.21, 3.17932, -0.0896216,1.23103,8.82068, 0.0896216,-1.23103
1.22, 3.17842, -0.0773113,1.23237,8.82158, 0.0773113,-1.23237
1.23, 3.17765, -0.0649876,1.23353,8.82235, 0.0649876,-1.23353
1.24, 3.177, -0.0526523,1.2345,8.823, 0.0526524,-1.2345
1.25, 3.17647, -0.0403073,1.23529,8.82353, 0.0403073,-1.23529
1.26, 3.17607, -0.0279543,1.2359,8.82393, 0.0279544,-1.2359
1.27, 3.17579, -0.0155954,1.23632,8.82421, 0.0155954,-1.23632
1.28, 3.17563, -0.00323218,1.23655,8.82437, 0.0032322,-1.23655
1.29, 3.1756, 0.00913334,1.2366,8.8244, -0.00913331,-1.2366
1.3, 3.17569, 0.0214993,1.23646,8.82431, -0.0214993,-1.23646
1.31, 3.17591, 0.033864,1.23614,8.82409, -0.0338639,-1.23614
1.32, 3.17624, 0.0462254,1.23563,8.82376, -0.0462253,-1.23563
1.33, 3.17671, 0.0585817,1.23494,8.82329, -0.0585817,-1.23494
1.34, 3.17729, 0.0709311,1.23406,8.82271, -0.0709311,-1.23406
1.35, 3.178, 0.0832717,1.233,8.822, -0.0832717,-1.233
1.36, 3.17883, 0.0956017,1.23175,8.82117, -0.0956016,-1.23175
1.37, 3.17979, 0.107919,1.23031,8.82021, -0.107919,-1.23031
1.38, 3.18087, 0.120222,1.22869,8.81913, -0.120222,-1.22869
1.39, 3.18207, 0.132509,1.22689,8.81793, -0.132509,-1.22689
1.4, 3.1834, 0.144778,1.2249,8.8166, -0.144778,-1.2249
1.41, 3.18485, 0.157027,1.22273,8.81515, -0.157027,-1.22273
1.42, 3.18642, 0.169255,1.22038,8.81358, -0.169254,-1.22038
1.43, 3.18811, 0.181458,1.21784,8.81189, -0.181458,-1.21784
1.44, 3.18992, 0.193637,1.21512,8.81008, -0.193637,-1.21512
1.45, 3.19186, 0.205788,1.21221,8.80814, -0.205788,-1.21221
1.46, 3.19392, 0.21791,1.20912,8.80608, -0.21791,-1.20912
1.47, 3.1961, 0.230001,1.20586,8.8039, -0.230001,-1.20586
1.48, 3.1984, 0.24206,1.20241,8.8016, -0.24206,-1.20241
1.49, 3.20082, 0.254084,1.19878,8.79918, -0.254084,-1.19878
1.5, 3.20336, 0.266072,1.19496,8.79664, -0.266072,-1.19496
1.51, 3.20602, 0.278021,1.19097,8.79398, -0.278021,-1.19097
1.52, 3.2088, 0.289931,1.1868,8.7912, -0.289931,-1.1868
1.53, 3.2117, 0.301799,1.18245,8.7883, -0.301799,-1.18245
1.54, 3.21472, 0.313623,1.17793,8.78528, -0.313623,-1.17793
1.55, 3.21785, 0.325403,1.17322,8.78215, -0.325403,-1.17322
1.56, 3.22111, 0.337135,1.16834,8.77889, -0.337135,-1.16834
1.57, 3.22448, 0.348818,1.16328,8.77552, -0.348818,-1.16328
1.58, 3.22797, 0.360451,1.15805,8.77203, -0.360451,-1.15805
1.59, 3.23157, 0.372032,1.15264,8.76843, -0.372032,-1.15264
1.6, 3.23529, 0.383558,1.14706,8.76471, -0.383558,-1.14706
1.61, 3.23913, 0.395029,1.14131,8.76087, -0.395029,-1.14131
1.62, 3.24308, 0.406442,1.13539,8.75692, -0.406442,-1.13539
1.63, 3.24714, 0.417796,1.12929,8.75286, -0.417796,-1.12929
1.64, 3.25132, 0.429089,1.12302,8.74868, -0.429089,-1.12302
1.65, 3.25561, 0.440319,1.11659,8.74439, -0.440319,-1.11659
1.66, 3.26001, 0.451485,1.10998,8.73999, -0.451485,-1.10998
1.67, 3.26453, 0.462585,1.10321,8.73547, -0.462585,-1.10321
1.68, 3.26915, 0.473617,1.09627,8.73085, -0.473617,-1.09627
1.69, 3.27389, 0.484579,1.08917,8.72611, -0.484579,-1.08917
1.7, 3.27874, 0.495471,1.0819,8.72126, -0.495471,-1.0819
1.71, 3.28369, 0.50629,1.07447,8.71631, -0.50629,-1.07447
1.72, 3.28875, 0.517035,1.06687,8.71125, -0.517035,-1.06687
1.73, 3.29392, 0.527703,1.05912,8.70608, -0.527703,-1.05911
1.74, 3.2992, 0.538295,1.0512,8.7008, -0.538294,-1.0512
1.75, 3.30458, 0.548807,1.04313,8.69542, -0.548806,-1.04312
1.76, 3.31007, 0.559238,1.03489,8.68993, -0.559238,-1.03489
1.77, 3.31566, 0.569587,1.0265,8.68434, -0.569587,-1.0265
1.78, 3.32136, 0.579852,1.01796,8.67864, -0.579852,-1.01796
1.79, 3.32716, 0.590031,1.00926,8.67284, -0.590031,-1.00926
1.8, 3.33306, 0.600124,1.00041,8.66694, -0.600124,-1.00041
1.81, 3.33906, 0.610128,0.99141,8.66094, -0.610128,-0.99141
1.82, 3.34516, 0.620042,0.982259,8.65484, -0.620042,-0.982259
1.83, 3.35136, 0.629865,0.972958,8.64864, -0.629865,-0.972958
1.84, 3.35766, 0.639594,0.96351,8.64234, -0.639594,-0.96351
1.85, 3.36406, 0.649229,0.953916,8.63594, -0.649229,-0.953917
1.86, 3.37055, 0.658769,0.944178,8.62945, -0.658769,-0.944178
1.87, 3.37714, 0.66821,0.934296,8.62286, -0.66821,-0.934296
1.88, 3.38382, 0.677553,0.924273,8.61618, -0.677553,-0.924273
1.89, 3.39059, 0.686796,0.91411,8.60941, -0.686796,-0.91411
1.9, 3.39746, 0.695937,0.903808,8.60254, -0.695937,-0.903809
1.91, 3.40442, 0.704975,0.893369,8.59558, -0.704975,-0.893369
1.92, 3.41147, 0.713909,0.882794,8.58853, -0.713909,-0.882794
1.93, 3.41861, 0.722737,0.872086,8.58139, -0.722737,-0.872086
1.94, 3.42584, 0.731458,0.861244,8.57416, -0.731458,-0.861245
1.95, 3.43315, 0.74007,0.850273,8.56685, -0.74007,-0.850273
1.96, 3.44055, 0.748573,0.839172,8.55945, -0.748573,-0.839172
1.97, 3.44804, 0.756965,0.827943,8.55196, -0.756965,-0.827943
1.98, 3.45561, 0.765244,0.816589,8.54439, -0.765244,-0.816589
1.99, 3.46326, 0.77341,0.80511,8.53674, -0.77341,-0.80511
2, 3.47099, 0.781461,0.793509,8.52901, -0.781461,-0.793509
2.01, 3.47881, 0.789396,0.781787,8.52119, -0.789396,-0.781787
2.02, 3.4867, 0.797214,0.769946,8.5133, -0.797214,-0.769946
2.03, 3.49467, 0.804914,0.757988,8.50533, -0.804913,-0.757988
2.04, 3.50272, 0.812493,0.745914,8.49728, -0.812493,-0.745914
2.05, 3.51085, 0.819953,0.733727,8.48915, -0.819952,-0.733727
2.06, 3.51905, 0.82729,0.721427,8.48095, -0.82729,-0.721427
2.07, 3.52732, 0.834504,0.709018,8.47268, -0.834504,-0.709017
2.08, 3.53567, 0.841594,0.6965,8.46433, -0.841594,-0.6965
2.09, 3.54408, 0.848559,0.683876,8.45592, -0.848559,-0.683876
2.1, 3.55257, 0.855398,0.671148,8.44743, -0.855398,-0.671149
2.11, 3.56112, 0.862109,0.658317,8.43888, -0.862109,-0.658317
2.12, 3.56974, 0.868693,0.645385,8.43026, -0.868693,-0.645385
2.13, 3.57843, 0.875147,0.632355,8.42157, -0.875146,-0.632355
2.14, 3.58718, 0.88147,0.619228,8.41282, -0.88147,-0.619228
2.15, 3.596, 0.887662,0.606006,8.404, -0.887662,-0.606006
2.16, 3.60487, 0.893722,0.592691,8.39513, -0.893722,-0.592691
2.17, 3.61381, 0.899649,0.579285,8.38619, -0.899649,-0.579286
2.18, 3.62281, 0.905442,0.56579,8.37719, -0.905442,-0.56579
2.19, 3.63186, 0.9111,0.552209,8.36814, -0.9111,-0.552209
2.2, 3.64097, 0.916622,0.538542,8.35903, -0.916622,-0.538542
2.21, 3.65014, 0.922008,0.524793,8.34986, -0.922008,-0.524793
2.22, 3.65936, 0.927256,0.510963,8.34064, -0.927255,-0.510963
2.23, 3.66863, 0.932365,0.497054,8.33137, -0.932365,-0.497054
2.24, 3.67795, 0.937336,0.483068,8.32205, -0.937336,-0.483068
2.25, 3.68733, 0.942166,0.469009,8.31267, -0.942166,-0.469009
2.26, 3.69675, 0.946856,0.454876,8.30325, -0.946856,-0.454875
2.27, 3.70622, 0.951405,0.440673,8.29378, -0.951405,-0.440673
2.28, 3.71573, 0.955812,0.426402,8.28427, -0.955812,-0.426403
2.29, 3.72529, 0.960076,0.412065,8.27471, -0.960076,-0.412065
2.3, 3.73489, 0.964197,0.397664,8.26511, -0.964197,-0.397664
2.31, 3.74453, 0.968173,0.383201,8.25547, -0.968173,-0.383201
2.32, 3.75421, 0.972005,0.368678,8.24579, -0.972005,-0.368679
2.33, 3.76393, 0.975692,0.354098,8.23607, -0.975692,-0.354099
2.34, 3.77369, 0.979233,0.339463,8.22631, -0.979233,-0.339463
2.35, 3.78348, 0.982628,0.324774,8.21652, -0.982628,-0.324775
2.36, 3.79331, 0.985875,0.310035,8.20669, -0.985875,-0.310035
2.37, 3.80317, 0.988976,0.295246,8.19683, -0.988976,-0.295246
2.38, 3.81306, 0.991928,0.280412,8.18694, -0.991928,-0.280412
2.39, 3.82298, 0.994732,0.265533,8.17702, -0.994732,-0.265533
2.4, 3.83293, 0.997388,0.250612,8.16707, -0.997388,-0.250613
2.41, 3.8429, 0.999894,0.235651,8.1571, -0.999894,-0.235651
2.42, 3.8529, 1.00225,0.220653,8.1471, -1.00225,-0.220654
2.43, 3.86292, 1.00446,0.205619,8.13708, -1.00446,-0.205619
2.44, 3.87297, 1.00651,0.190553,8.12703, -1.00651,-0.190553
2.45, 3.88303, 1.00842,0.175454,8.11697, -1.00842,-0.175455
2.46, 3.89311, 1.01017,0.160328,8.10689, -1.01017,-0.160329
2.47, 3.90322, 1.01178,0.145176,8.09678, -1.01178,-0.145175
2.48, 3.91333, 1.01323,0.129999,8.08667, -1.01323,-0.129999
2.49, 3.92347, 1.01453,0.114801,8.07653, -1.01453,-0.1148
2.5, 3.93361, 1.01568,0.0995824,8.06639, -1.01568,-0.0995822
2.51, 3.94377, 1.01667,0.0843474,8.05623, -1.01667,-0.0843472
2.52, 3.95394, 1.01752,0.0690978,8.04607, -1.01752,-0.069098
2.53, 3.96411, 1.01821,0.0538346,8.03589, -1.01821,-0.0538344
2.54, 3.97429, 1.01874,0.0385616,8.02571, -1.01874,-0.0385623
2.55, 3.98448, 1.01913,0.0232803,8.01552, -1.01913,-0.0232801
2.56, 3.99467, 1.01936,0.0079937,8.00533, -1.01936,-0.0079937
2.57, 4.00486, 1.01944,-0.00729704,7.99514, -1.01944,0.00729704
2.58, 4.01506, 1.01937,-0.0225885,7.98494, -1.01937,0.0225885
2.59, 4.02525, 1.01914,-0.0378792,7.97475, -1.01914,0.0378792
2.6, 4.03544, 1.01877,-0.0531664,7.96456, -1.01877,0.0531664
2.61, 4.04563, 1.01823,-0.0684478,7.95437, -1.01823,0.0684478
2.62, 4.05581, 1.01755,-0.0837214,7.94419, -1.01755,0.0837214
2.63, 4.06599, 1.01671,-0.0989842,7.93401, -1.01671,0.0989842
2.64, 4.07616, 1.01572,-0.114235,7.92384, -1.01572,0.114235
2.65, 4.08631, 1.01458,-0.129471,7.91369, -1.01458,0.129471
2.66, 4.09646, 1.01329,-0.14469,7.90354, -1.01329,0.14469
2.67, 4.10659, 1.01184,-0.159889,7.89341, -1.01184,0.159889
2.68, 4.11671, 1.01024,-0.175067,7.88329, -1.01024,0.175067
2.69, 4.12681, 1.00849,-0.19022,7.87319, -1.00849,0.19022
2.7, 4.1369, 1.00659,-0.205348,7.8631, -1.00659,0.205348
2.71, 4.14696, 1.00453,-0.220446,7.85304, -1.00453,0.220446
2.72, 4.15701, 1.00233,-0.235514,7.84299, -1.00233,0.235514
2.73, 4.16703, 0.999973,-0.250549,7.83297, -0.999973,0.250549
2.74, 4.17703, 0.997468,-0.265549,7.82297, -0.997468,0.265549
2.75, 4.18701, 0.994812,-0.280511,7.81299, -0.994812,0.28051
2.76, 4.19696, 0.992007,-0.295433,7.80304, -0.992007,0.295433
2.77, 4.20688, 0.989053,-0.310313,7.79312, -0.989053,0.310313
2.78, 4.21677, 0.98595,-0.325149,7.78323, -0.98595,0.325149
2.79, 4.22663, 0.982698,-0.339938,7.77337, -0.982698,0.339938
2.8, 4.23645, 0.979299,-0.354679,7.76355, -0.979299,0.354679
2.81, 4.24625, 0.975752,-0.369368,7.75375, -0.975752,0.369368
2.82, 4.256, 0.972059,-0.384004,7.744, -0.972059,0.384004
2.83, 4.26572, 0.968218,-0.398586,7.73428, -0.968219,0.398586
2.84, 4.27541, 0.964233,-0.413109,7.72459, -0.964233,0.413109
2.85, 4.28505, 0.960102,-0.427572,7.71495, -0.960102,0.427572
2.86, 4.29465, 0.955826,-0.441974,7.70535, -0.955826,0.441974
2.87, 4.30421, 0.951406,-0.456311,7.69579, -0.951406,0.456311
2.88, 4.31372, 0.946843,-0.470582,7.68628, -0.946843,0.470582
2.89, 4.32319, 0.942137,-0.484785,7.67681, -0.942137,0.484785
2.9, 4.33261, 0.937289,-0.498917,7.66739, -0.937289,0.498917
2.91, 4.34198, 0.9323,-0.512976,7.65802, -0.9323,0.512976
2.92, 4.35131, 0.92717,-0.52696,7.64869, -0.92717,0.52696
2.93, 4.36058, 0.921901,-0.540868,7.63942, -0.921901,0.540868
2.94, 4.3698, 0.916492,-0.554697,7.6302, -0.916492,0.554697
2.95, 4.37896, 0.910945,-0.568444,7.62104, -0.910945,0.568444
2.96, 4.38807, 0.905261,-0.582108,7.61193, -0.905261,0.582108
2.97, 4.39712, 0.89944,-0.595687,7.60288, -0.89944,0.595687
2.98, 4.40612, 0.893483,-0.609179,7.59388, -0.893483,0.609179
2.99, 4.41505, 0.887391,-0.622581,7.58495, -0.887391,0.622581
3, 4.42393, 0.881165,-0.635892,7.57607, -0.881165,0.635892
3.01, 4.43274, 0.874806,-0.64911,7.56726, -0.874806,0.64911
3.02, 4.44149, 0.868315,-0.662232,7.55851, -0.868315,0.662232
3.03, 4.45017, 0.861693,-0.675256,7.54983, -0.861693,0.675256
3.04, 4.45879, 0.85494,-0.688181,7.54121, -0.85494,0.688181
3.05, 4.46734, 0.848058,-0.701006,7.53266, -0.848058,0.701006
3.06, 4.47582, 0.841048,-0.713727,7.52418, -0.841048,0.713727
3.07, 4.48423, 0.833911,-0.726342,7.51577, -0.833911,0.726342
3.08, 4.49257, 0.826648,-0.738851,7.50743, -0.826648,0.738851
3.09, 4.50083, 0.819259,-0.75125,7.49917, -0.819259,0.75125
3.1, 4.50903, 0.811747,-0.76354,7.49097, -0.811747,0.76354
3.11, 4.51714, 0.804111,-0.775716,7.48286, -0.804111,0.775716
3.12, 4.52518, 0.796354,-0.787778,7.47482, -0.796354,0.787778
3.13, 4.53315, 0.788476,-0.799722,7.46685, -0.788476,0.799722
3.14, 4.54103, 0.780479,-0.81155,7.45897, -0.780479,0.81155
3.15, 4.54884, 0.772364,-0.823257,7.45116, -0.772364,0.823257
3.16, 4.55656, 0.764131,-0.834842,7.44344, -0.764131,0.834842
3.17, 4.5642, 0.755783,-0.846304,7.4358, -0.755783,0.846304
3.18, 4.57176, 0.74732,-0.857641,7.42824, -0.74732,0.857641
3.19, 4.57923, 0.738743,-0.868851,7.42077, -0.738743,0.868851
3.2, 4.58662, 0.730055,-0.879932,7.41338, -0.730055,0.879932
3.21, 4.59392, 0.721255,-0.890883,7.40608, -0.721255,0.890883
3.22, 4.60113, 0.712347,-0.901701,7.39887, -0.712347,0.901701
3.23, 4.60826, 0.70333,-0.912387,7.39174, -0.70333,0.912387
3.24, 4.61529, 0.694206,-0.922937,7.38471, -0.694206,0.922937
3.25, 4.62223, 0.684976,-0.93335,7.37777, -0.684976,0.93335
3.26, 4.62908, 0.675643,-0.943625,7.37092, -0.675643,0.943625
3.27, 4.63584, 0.666207,-0.953759,7.36416, -0.666207,0.953759
3.28, 4.6425, 0.656669,-0.963752,7.3575, -0.656669,0.963752
3.29, 4.64907, 0.647031,-0.973603,7.35093, -0.647031,0.973603
3.3, 4.65554, 0.637295,-0.983308,7.34446, -0.637295,0.983308
3.31, 4.66191, 0.627462,-0.992867,7.33809, -0.627462,0.992867
3.32, 4.66819, 0.617534,-1.00228,7.33181, -0.617534,1.00228
3.33, 4.67436, 0.607511,-1.01154,7.32564, -0.607511,1.01154
3.34, 4.68044, 0.597395,-1.02065,7.31956, -0.597395,1.02065
3.35, 4.68641, 0.587189,-1.02962,7.31359, -0.587189,1.02962
3.36, 4.69228, 0.576893,-1.03842,7.30772, -0.576893,1.03842
3.37, 4.69805, 0.566508,-1.04708,7.30195, -0.566509,1.04708
3.38, 4.70372, 0.556038,-1.05557,7.29628, -0.556038,1.05557
3.39, 4.70928, 0.545482,-1.06392,7.29072, -0.545482,1.06392
3.4, 4.71473, 0.534843,-1.0721,7.28527, -0.534843,1.0721
3.41, 4.72008, 0.524122,-1.08012,7.27992, -0.524122,1.08012
3.42, 4.72532, 0.513321,-1.08798,7.27468, -0.513321,1.08798
3.43, 4.73045, 0.502441,-1.09568,7.26955, -0.502441,1.09568
3.44, 4.73548, 0.491484,-1.10322,7.26452, -0.491484,1.10322
3.45, 4.74039, 0.480452,-1.11059,7.25961, -0.480452,1.11059
3.46, 4.7452, 0.469346,-1.1178,7.2548, -0.469346,1.1178
3.47, 4.74989, 0.458168,-1.12484,7.25011, -0.458168,1.12484
3.48, 4.75447, 0.44692,-1.13171,7.24553, -0.44692,1.13171
3.49, 4.75894, 0.435602,-1.13841,7.24106, -0.435603,1.13841
3.5, 4.7633, 0.424218,-1.14495,7.2367, -0.424218,1.14495
3.51, 4.76754, 0.412769,-1.15131,7.23246, -0.412769,1.15131
3.52, 4.77167, 0.401256,-1.1575,7.22833, -0.401256,1.1575
3.53, 4.77568, 0.389681,-1.16352,7.22432, -0.389681,1.16352
3.54, 4.77958, 0.378046,-1.16937,7.22042, -0.378046,1.16937
3.55, 4.78336, 0.366352,-1.17504,7.21664, -0.366352,1.17504
3.56, 4.78702, 0.354601,-1.18053,7.21298, -0.354602,1.18053
3.57, 4.79057, 0.342796,-1.18585,7.20943, -0.342796,1.18585
3.58, 4.794, 0.330938,-1.19099,7.206, -0.330938,1.19099
3.59, 4.79731, 0.319028,-1.19596,7.20269, -0.319028,1.19596
3.6, 4.8005, 0.307068,-1.20074,7.1995, -0.307068,1.20074
3.61, 4.80357, 0.295061,-1.20535,7.19643, -0.295061,1.20535
3.62, 4.80652, 0.283007,-1.20977,7.19348, -0.283007,1.20977
3.63, 4.80935, 0.270909,-1.21402,7.19065, -0.270909,1.21402
3.64, 4.81206, 0.258769,-1.21808,7.18794, -0.258769,1.21808
3.65, 4.81464, 0.246588,-1.22197,7.18536, -0.246588,1.22197
3.66, 4.81711, 0.234369,-1.22566,7.18289, -0.234369,1.22566
3.67, 4.81945, 0.222112,-1.22918,7.18055, -0.222112,1.22918
3.68, 4.82167, 0.20982,-1.23251,7.17833, -0.20982,1.23251
3.69, 4.82377, 0.197495,-1.23566,7.17623, -0.197495,1.23566
3.7, 4.82575, 0.185139,-1.23862,7.17425, -0.185139,1.23862
3.71, 4.8276, 0.172752,-1.2414,7.1724, -0.172752,1.2414
3.72, 4.82933, 0.160338,-1.24399,7.17067, -0.160338,1.24399
3.73, 4.83093, 0.147899,-1.24639,7.16907, -0.147899,1.24639
3.74, 4.83241, 0.135435,-1.24861,7.16759, -0.135435,1.24861
3.75, 4.83376, 0.122948,-1.25064,7.16624, -0.122948,1.25064
3.76, 4.83499, 0.110442,-1.25249,7.16501, -0.110442,1.25249
3.77, 4.8361, 0.0979171,-1.25415,7.1639, -0.0979171,1.25415
3.78, 4.83708, 0.0853757,-1.25561,7.16292, -0.0853757,1.25561
3.79, 4.83793, 0.0728195,-1.25689,7.16207, -0.0728196,1.25689
3.8, 4.83866, 0.0602506,-1.25799,7.16134, -0.0602506,1.25799
3.81, 4.83926, 0.0476707,-1.25889,7.16074, -0.0476707,1.25889
3.82, 4.83974, 0.0350818,-1.25961,7.16026, -0.0350818,1.25961
3.83, 4.84009, 0.0224857,-1.26013,7.15991, -0.0224858,1.26013
3.84, 4.84031, 0.0098844,-1.26047,7.15969, -0.00988444,1.26047
3.85, 4.84041, -0.00272029,-1.26062,7.15959, 0.00272026,1.26062
3.86, 4.84038, -0.0153265,-1.26058,7.15962, 0.0153264,1.26058
3.87, 4.84023, -0.0279322,-1.26035,7.15977, 0.0279322,1.26035
3.88, 4.83995, -0.0405357,-1.25993,7.16005, 0.0405357,1.25993
3.89, 4.83955, -0.053135,-1.25932,7.16045, 0.0531349,1.25932
3.9, 4.83902, -0.0657282,-1.25852,7.16098, 0.0657281,1.25852
3.91, 4.83836, -0.0783134,-1.25754,7.16164, 0.0783134,1.25754
3.92, 4.83757, -0.0908888,-1.25636,7.16243, 0.0908887,1.25636
3.93, 4.83667, -0.103452,-1.255,7.16333, 0.103452,1.255
3.94, 4.83563, -0.116002,-1.25345,7.16437, 0.116002,1.25345
3.95, 4.83447, -0.128537,-1.25171,7.16553, 0.128537,1.25171
3.96, 4.83319, -0.141054,-1.24978,7.16681, 0.141054,1.24978
3.97, 4.83178, -0.153552,-1.24766,7.16822, 0.153552,1.24766
3.98, 4.83024, -0.166028,-1.24536,7.16976, 0.166028,1.24536
3.99, 4.82858, -0.178482,-1.24287,7.17142, 0.178482,1.24287
4, 4.82679, -0.190911,-1.24019,7.17321, 0.190911,1.24019
4.01, 4.82489, -0.203313,-1.23733,7.17511, 0.203313,1.23733
4.02, 4.82285, -0.215686,-1.23428,7.17715, 0.215686,1.23428
4.03, 4.8207, -0.228029,-1.23104,7.1793, 0.228029,1.23104
4.04, 4.81842, -0.240339,-1.22762,7.18158, 0.240339,1.22762
4.05, 4.81601, -0.252615,-1.22402,7.18399, 0.252615,1.22402
4.06, 4.81349, -0.264856,-1.22023,7.18651, 0.264855,1.22023
4.07, 4.81084, -0.277058,-1.21626,7.18916, 0.277058,1.21626
4.08, 4.80807, -0.28922,-1.2121,7.19193, 0.28922,1.2121
4.09, 4.80517, -0.301341,-1.20776,7.19483, 0.301341,1.20776
4.1, 4.80216, -0.313419,-1.20324,7.19784, 0.313419,1.20324
4.11, 4.79903, -0.325451,-1.19854,7.20097, 0.325451,1.19854
4.12, 4.79577, -0.337437,-1.19366,7.20423, 0.337437,1.19366
4.13, 4.7924, -0.349373,-1.1886,7.2076, 0.349373,1.1886
4.14, 4.7889, -0.361259,-1.18336,7.2111, 0.361259,1.18336
4.15, 4.78529, -0.373093,-1.17794,7.21471, 0.373093,1.17794
4.16, 4.78156, -0.384872,-1.17234,7.21844, 0.384872,1.17234
4.17, 4.77771, -0.396596,-1.16657,7.22229, 0.396596,1.16657
4.18, 4.77375, -0.408261,-1.16062,7.22625, 0.408261,1.16062
4.19, 4.76966, -0.419868,-1.1545,7.23034, 0.419868,1.1545
4.2, 4.76546, -0.431413,-1.1482,7.23453, 0.431413,1.1482
4.21, 4.76115, -0.442895,-1.14173,7.23885, 0.442895,1.14173
4.22, 4.75672, -0.454312,-1.13508,7.24328, 0.454312,1.13508
4.23, 4.75218, -0.465663,-1.12827,7.24782, 0.465663,1.12827
4.24, 4.74752, -0.476945,-1.12128,7.25248, 0.476945,1.12128
4.25, 4.74275, -0.488158,-1.11413,7.25725, 0.488158,1.11413
4.26, 4.73787, -0.499299,-1.10681,7.26213, 0.499299,1.10681
4.27, 4.73288, -0.510368,-1.09932,7.26712, 0.510367,1.09932
4.28, 4.72777, -0.521361,-1.09166,7.27223, 0.521361,1.09166
4.29, 4.72256, -0.532277,-1.08384,7.27744, 0.532277,1.08384
4.3, 4.71724, -0.543116,-1.07586,7.28276, 0.543116,1.07586
4.31, 4.71181, -0.553874,-1.06771,7.28819, 0.553874,1.06771
4.32, 4.70627, -0.564551,-1.0594,7.29373, 0.564551,1.0594
4.33, 4.70062, -0.575145,-1.05093,7.29938, 0.575145,1.05093
4.34, 4.69487, -0.585655,-1.04231,7.30513, 0.585655,1.04231
4.35, 4.68901, -0.596078,-1.03352,7.31099, 0.596078,1.03352
4.36, 4.68305, -0.606413,-1.02458,7.31695, 0.606413,1.02458
4.37, 4.67699, -0.616659,-1.01548,7.32301, 0.616659,1.01548
4.38, 4.67082, -0.626814,-1.00623,7.32918, 0.626814,1.00623
4.39, 4.66456, -0.636876,-0.996833,7.33544, 0.636876,0.996833
4.4, 4.65819, -0.646844,-0.98728,7.34181, 0.646844,0.98728
4.41, 4.65172, -0.656717,-0.977576,7.34828, 0.656717,0.977576
4.42, 4.64515, -0.666493,-0.967726,7.35485, 0.666493,0.967726
4.43, 4.63849, -0.67617,-0.957729,7.36151, 0.67617,0.957729
4.44, 4.63172, -0.685747,-0.947586,7.36828, 0.685747,0.947586
4.45, 4.62487, -0.695223,-0.9373,7.37513, 0.695223,0.9373
4.46, 4.61791, -0.704596,-0.926871,7.38209, 0.704596,0.926871
4.47, 4.61087, -0.713865,-0.916303,7.38913, 0.713865,0.916303
4.48, 4.60373, -0.723028,-0.905595,7.39627, 0.723028,0.905595
4.49, 4.5965, -0.732084,-0.894749,7.4035, 0.732084,0.894749
4.5, 4.58918, -0.741032,-0.883768,7.41082, 0.741031,0.883768
4.51, 4.58177, -0.749869,-0.872653,7.41823, 0.749869,0.872653
4.52, 4.57427, -0.758596,-0.861405,7.42573, 0.758596,0.861405
4.53, 4.56668, -0.76721,-0.850026,7.43332, 0.76721,0.850026
4.54, 4.55901, -0.77571,-0.838517,7.44099, 0.77571,0.838517
4.55, 4.55125, -0.784095,-0.826881,7.44875, 0.784095,0.826881
4.56, 4.54341, -0.792364,-0.81512,7.45659, 0.792364,0.81512
4.57, 4.53549, -0.800515,-0.803235,7.46451, 0.800515,0.803235
4.58, 4.52748, -0.808548,-0.791227,7.47252, 0.808548,0.791227
4.59, 4.5194, -0.81646,-0.779099,7.4806, 0.81646,0.779099
4.6, 4.51123, -0.824251,-0.766852,7.48877, 0.824251,0.766852
4.61, 4.50299, -0.831919,-0.754488,7.49701, 0.831919,0.754488
4.62, 4.49467, -0.839464,-0.742009,7.50533, 0.839464,0.742009
4.63, 4.48628, -0.846884,-0.729417,7.51372, 0.846884,0.729418
4.64, 4.47781, -0.854178,-0.716714,7.52219, 0.854178,0.716714
4.65, 4.46927, -0.861346,-0.703902,7.53073, 0.861346,0.703902
4.66, 4.46065, -0.868385,-0.690981,7.53935, 0.868385,0.690981
4.67, 4.45197, -0.875294,-0.677956,7.54803, 0.875294,0.677956
4.68, 4.44322, -0.882074,-0.664826,7.55678, 0.882074,0.664826
4.69, 4.4344, -0.888722,-0.651595,7.5656, 0.888722,0.651595
4.7, 4.42551, -0.895238,-0.638264,7.57449, 0.895238,0.638264
4.71, 4.41656, -0.901621,-0.624835,7.58344, 0.901621,0.624836
4.72, 4.40754, -0.907869,-0.611311,7.59246, 0.907869,0.611311
4.73, 4.39846, -0.913982,-0.597693,7.60154, 0.913982,0.597693
4.74, 4.38932, -0.919959,-0.583983,7.61068, 0.919959,0.583983
4.75, 4.38012, -0.925799,-0.570184,7.61988, 0.925799,0.570184
4.76, 4.37086, -0.931501,-0.556297,7.62914, 0.931501,0.556297
4.77, 4.36155, -0.937064,-0.542325,7.63845, 0.937064,0.542325
4.78, 4.35218, -0.942487,-0.528269,7.64782, 0.942487,0.528269
4.79, 4.34275, -0.94777,-0.514132,7.65725, 0.94777,0.514132
4.8, 4.33328, -0.952911,-0.499915,7.66672, 0.952911,0.499915
4.81, 4.32375, -0.95791,-0.485621,7.67625, 0.95791,0.485621
4.82, 4.31417, -0.962767,-0.471253,7.68583, 0.962767,0.471253
4.83, 4.30454, -0.967479,-0.456811,7.69546, 0.967479,0.456811
4.84, 4.29487, -0.972047,-0.442299,7.70513, 0.972047,0.442299
4.85, 4.28515, -0.97647,-0.427718,7.71485, 0.97647,0.427718
4.86, 4.27538, -0.980747,-0.413071,7.72462, 0.980747,0.413071
4.87, 4.26557, -0.984878,-0.39836,7.73443, 0.984878,0.39836
4.88, 4.25572, -0.988862,-0.383587,7.74428, 0.988862,0.383587
4.89, 4.24584, -0.992698,-0.368754,7.75416, 0.992698,0.368754
4.9, 4.23591, -0.996385,-0.353863,7.76409, 0.996385,0.353863
4.91, 4.22594, -0.999924,-0.338917,7.77405, 0.999924,0.338917
4.92, 4.21595, -1.00331,-0.323919,7.78405, 1.00331,0.323919
4.93, 4.20591, -1.00655,-0.308869,7.79409, 1.00655,0.308869
4.94, 4.19585, -1.00964,-0.293771,7.80415, 1.00964,0.293771
4.95, 4.18575, -1.01258,-0.278626,7.81425, 1.01258,0.278626
4.96, 4.17562, -1.01536,-0.263437,7.82438, 1.01536,0.263437
4.97, 4.16547, -1.018,-0.248207,7.83453, 1.018,0.248207
4.98, 4.15529, -1.02048,-0.232937,7.84471, 1.02048,0.232937
4.99, 4.14509, -1.02281,-0.217629,7.85491, 1.02281,0.217629
5, 4.13486, -1.02499,-0.202287,7.86514, 1.02499,0.202288
5.01, 4.12461, -1.02701,-0.186913,7.87539, 1.02701,0.186913
5.02, 4.11434, -1.02888,-0.171508,7.88566, 1.02888,0.171508
5.03, 4.10405, -1.03059,-0.156075,7.89595, 1.03059,0.156075
5.04, 4.09374, -1.03215,-0.140616,7.90626, 1.03215,0.140616
5.05, 4.08342, -1.03356,-0.125133,7.91658, 1.03356,0.125133
5.06, 4.07309, -1.03481,-0.10963,7.92691, 1.03481,0.10963
5.07, 4.06274, -1.03591,-0.0941076,7.93726, 1.03591,0.0941076
5.08, 4.05238, -1.03685,-0.0785687,7.94762, 1.03685,0.0785687
5.09, 4.04201, -1.03764,-0.0630162,7.95799, 1.03764,0.0630162
5.1, 4.03163, -1.03827,-0.0474515,7.96837, 1.03827,0.0474515
5.11, 4.02125, -1.03874,-0.0318775,7.97875, 1.03874,0.0318775
5.12, 4.01086, -1.03906,-0.0162964,7.98914, 1.03906,0.0162964
5.13, 4.00047, -1.03922,-0.000710964,7.99953, 1.03922,0.000710964
5.14, 3.99008, -1.03923,0.0148775,8.00992, 1.03923,-0.0148773
5.15, 3.97969, -1.03908,0.0304658,8.02031, 1.03908,-0.0304656
5.16, 3.9693, -1.03878,0.0460523,8.0307, 1.03878,-0.0460525
5.17, 3.95891, -1.03831,0.0616338,8.04109, 1.03831,-0.0616336
5.18, 3.94853, -1.0377,0.0772088,8.05147, 1.0377,-0.077209
5.19, 3.93815, -1.03693,0.0927742,8.06185, 1.03693,-0.0927744
5.2, 3.92778, -1.036,0.108328,8.07222, 1.036,-0.108328
5.21, 3.91742, -1.03492,0.123868,8.08258, 1.03492,-0.123868
5.22, 3.90707, -1.03368,0.139392,8.09293, 1.03368,-0.139392
5.23, 3.89674, -1.03228,0.154897,8.10326, 1.03228,-0.154897
5.24, 3.88641, -1.03073,0.170381,8.11359, 1.03073,-0.170381
5.25, 3.87611, -1.02903,0.185842,8.12389, 1.02903,-0.185842
5.26, 3.86582, -1.02717,0.201277,8.13418, 1.02717,-0.201277
5.27, 3.85554, -1.02516,0.216685,8.14446, 1.02516,-0.216685
5.28, 3.84529, -1.02299,0.232063,8.15471, 1.02299,-0.232062
5.29, 3.83506, -1.02067,0.247407,8.16494, 1.02067,-0.247407
5.3, 3.82486, -1.0182,0.262718,8.17514, 1.0182,-0.262718
5.31, 3.81467, -1.01557,0.27799,8.18533, 1.01557,-0.27799
5.32, 3.80452, -1.01279,0.293224,8.19548, 1.01279,-0.293223
5.33, 3.79439, -1.00986,0.308416,8.20561, 1.00986,-0.308415
5.34, 3.78429, -1.00677,0.323563,8.21571, 1.00677,-0.323563
5.35, 3.77422, -1.00354,0.338665,8.22578, 1.00354,-0.338665
5.36, 3.76419, -1.00015,0.353718,8.23581, 1.00015,-0.353718
5.37, 3.75419, -0.996614,0.36872,8.24581, 0.996614,-0.36872
5.38, 3.74422, -0.992927,0.38367,8.25578, 0.992927,-0.38367
5.39, 3.73429, -0.98909,0.398564,8.26571, 0.98909,-0.398563
5.4, 3.7244, -0.985105,0.4134,8.2756, 0.985105,-0.413401
5.41, 3.71455, -0.980971,0.428177,8.28545, 0.980971,-0.428176
5.42, 3.70474, -0.976689,0.442891,8.29526, 0.976689,-0.442891
5.43, 3.69497, -0.97226,0.457542,8.30503, 0.97226,-0.457542
5.44, 3.68525, -0.967685,0.472125,8.31475, 0.967685,-0.472126
5.45, 3.67557, -0.962963,0.486641,8.32443, 0.962963,-0.48664
5.46, 3.66594, -0.958097,0.501085,8.33406, 0.958097,-0.501085
5.47, 3.65636, -0.953086,0.515456,8.34364, 0.953086,-0.515456
5.48, 3.64683, -0.947932,0.529753,8.35317, 0.947932,-0.529753
5.49, 3.63735, -0.942634,0.543972,8.36265, 0.942634,-0.543972
5.5, 3.62793, -0.937194,0.558111,8.37207, 0.937194,-0.558111
5.51, 3.61855, -0.931613,0.572169,8.38145, 0.931613,-0.572169
5.52, 3.60924, -0.925891,0.586143,8.39076, 0.925891,-0.586143
5.53, 3.59998, -0.92003,0.600032,8.40002, 0.92003,-0.600032
5.54, 3.59078, -0.91403,0.613832,8.40922, 0.91403,-0.613832
5.55, 3.58164, -0.907891,0.627543,8.41836, 0.907891,-0.627542
5.56, 3.57256, -0.901616,0.641161,8.42744, 0.901616,-0.641161
5.57, 3.56354, -0.895204,0.654685,8.43646, 0.895204,-0.654685
5.58, 3.55459, -0.888658,0.668113,8.44541, 0.888658,-0.668113
5.59, 3.5457, -0.881976,0.681443,8.4543, 0.881976,-0.681443
5.6, 3.53688, -0.875162,0.694673,8.46312, 0.875162,-0.694674
5.61, 3.52813, -0.868215,0.7078,8.47187, 0.868215,-0.7078
5.62, 3.51945, -0.861137,0.720823,8.48055, 0.861137,-0.720823
5.63, 3.51084, -0.853929,0.733741,8.48916, 0.853929,-0.733741
5.64, 3.5023, -0.846592,0.74655,8.4977, 0.846592,-0.74655
5.65, 3.49383, -0.839126,0.759248,8.50617, 0.839126,-0.759248
5.66, 3.48544, -0.831534,0.771835,8.51456, 0.831534,-0.771835
5.67, 3.47713, -0.823815,0.784308,8.52287, 0.823815,-0.784308
5.68, 3.46889, -0.815972,0.796665,8.53111, 0.815972,-0.796666
5.69, 3.46073, -0.808006,0.808905,8.53927, 0.808006,-0.808906
5.7, 3.45265, -0.799916,0.821025,8.54735, 0.799916,-0.821025
5.71, 3.44465, -0.791706,0.833024,8.55535, 0.791706,-0.833024
5.72, 3.43673, -0.783376,0.844899,8.56327, 0.783376,-0.8449
5.73, 3.4289, -0.774927,0.85665,8.5711, 0.774927,-0.85665
5.74, 3.42115, -0.76636,0.868274,8.57885, 0.76636,-0.868275
5.75, 3.41349, -0.757678,0.87977,8.58651, 0.757678,-0.879769
5.76, 3.40591, -0.74888,0.891134,8.59409, 0.74888,-0.891134
5.77, 3.39842, -0.739969,0.902368,8.60158, 0.739969,-0.902368
5.78, 3.39102, -0.730945,0.913467,8.60898, 0.730945,-0.913467
5.79, 3.38371, -0.72181,0.924432,8.61629, 0.72181,-0.924431
5.8, 3.37649, -0.712566,0.935259,8.62351, 0.712566,-0.935258
5.81, 3.36937, -0.703213,0.945947,8.63063, 0.703213,-0.945947
5.82, 3.36234, -0.693754,0.956496,8.63766, 0.693754,-0.956496
5.83, 3.3554, -0.684189,0.966901,8.6446, 0.684189,-0.966901
5.84, 3.34856, -0.67452,0.977165,8.65144, 0.67452,-0.977165
5.85, 3.34181, -0.664748,0.987283,8.65819, 0.664748,-0.987282
5.86, 3.33516, -0.654876,0.997254,8.66484, 0.654876,-0.997254
5.87, 3.32862, -0.644903,1.00708,8.67138, 0.644903,-1.00708
5.88, 3.32217, -0.634832,1.01675,8.67783, 0.634832,-1.01675
5.89, 3.31582, -0.624665,1.02627,8.68418, 0.624665,-1.02627
5.9, 3.30957, -0.614402,1.03564,8.69043, 0.614402,-1.03564
5.91, 3.30343, -0.604046,1.04486,8.69657, 0.604046,-1.04486
5.92, 3.29739, -0.593597,1.05392,8.70261, 0.593597,-1.05392
5.93, 3.29145, -0.583058,1.06282,8.70855, 0.583058,-1.06282
5.94, 3.28562, -0.57243,1.07157,8.71438, 0.57243,-1.07157
5.95, 3.2799, -0.561714,1.08016,8.7201, 0.561714,-1.08016
5.96, 3.27428, -0.550912,1.08858,8.72572, 0.550912,-1.08858
5.97, 3.26877, -0.540026,1.09684,8.73123, 0.540026,-1.09684
5.98, 3.26337, -0.529058,1.10495,8.73663, 0.529058,-1.10495
5.99, 3.25808, -0.518009,1.11288,8.74192, 0.518009,-1.11288
6, 3.2529, -0.50688,1.12065,8.7471, 0.50688,-1.12065
6.01, 3.24783, -0.495673,1.12825,8.75217, 0.495673,-1.12825
6.02, 3.24287, -0.484391,1.13569,8.75713, 0.484391,-1.13569
6.03, 3.23803, -0.473034,1.14296,8.76197, 0.473034,-1.14296
6.04, 3.2333, -0.461604,1.15005,8.7667, 0.461604,-1.15005
6.05, 3.22868, -0.450104,1.15698,8.77132, 0.450104,-1.15697
6.06, 3.22418, -0.438534,1.16373,8.77582, 0.438534,-1.16373
6.07, 3.2198, -0.426897,1.1703,8.7802, 0.426897,-1.1703
6.08, 3.21553, -0.415194,1.17671,8.78447, 0.415194,-1.17671
6.09, 3.21138, -0.403427,1.18294,8.78862, 0.403427,-1.18294
6.1, 3.20734, -0.391597,1.18899,8.79266, 0.391597,-1.18899
6.11, 3.20343, -0.379707,1.19486,8.79657, 0.379707,-1.19486
6.12, 3.19963, -0.367759,1.20056,8.80037, 0.367759,-1.20056
6.13, 3.19595, -0.355753,1.20607,8.80405, 0.355753,-1.20607
6.14, 3.19239, -0.343692,1.21141,8.80761, 0.343692,-1.21141
6.15, 3.18896, -0.331578,1.21657,8.81104, 0.331578,-1.21657
6.16, 3.18564, -0.319413,1.22154,8.81436, 0.319413,-1.22154
6.17, 3.18245, -0.307197,1.22633,8.81755, 0.307197,-1.22633
6.18, 3.17937, -0.294934,1.23094,8.82063, 0.294934,-1.23094
6.19, 3.17643, -0.282625,1.23536,8.82357, 0.282625,-1.23536
6.2, 3.1736, -0.270271,1.2396,8.8264, 0.270271,-1.2396
6.21, 3.1709, -0.257875,1.24366,8.8291, 0.257875,-1.24366
6.22, 3.16832, -0.245438,1.24752,8.83168, 0.245438,-1.24752
6.23, 3.16586, -0.232963,1.25121,8.83414, 0.232963,-1.25121
6.24, 3.16353, -0.220451,1.2547,8.83647, 0.220451,-1.2547
6.25, 3.16133, -0.207904,1.25801,8.83867, 0.207904,-1.25801
6.26, 3.15925, -0.195324,1.26112,8.84075, 0.195324,-1.26112
6.27, 3.1573, -0.182713,1.26405,8.8427, 0.182713,-1.26405
6.28, 3.15547, -0.170072,1.2668,8.84453, 0.170072,-1.2668
6.29, 3.15377, -0.157404,1.26935,8.84623, 0.157404,-1.26935
6.3, 3.15219, -0.144711,1.27171,8.84781, 0.144711,-1.27171
6.31, 3.15075, -0.131994,1.27388,8.84925, 0.131994,-1.27388
6.32, 3.14943, -0.119255,1.27586,8.85057, 0.119255,-1.27586
6.33, 3.14824, -0.106496,1.27765,8.85176, 0.106496,-1.27765
6.34, 3.14717, -0.09372,1.27924,8.85283, 0.09372,-1.27924
6.35, 3.14623, -0.0809275,1.28065,8.85377, 0.0809275,-1.28065
6.36, 3.14542, -0.068121,1.28186,8.85458, 0.068121,-1.28186
6.37, 3.14474, -0.0553024,1.28289,8.85526, 0.0553024,-1.28289
6.38, 3.14419, -0.0424735,1.28372,8.85581, 0.0424735,-1.28372
6.39, 3.14376, -0.0296364,1.28435,8.85624, 0.0296364,-1.28435
6.4, 3.14347, -0.0167928,1.2848,8.85653, 0.0167929,-1.2848
6.41, 3.1433, -0.00394488,1.28505,8.8567, 0.0039449,-1.28505
6.42, 3.14326, 0.00890561,1.28511,8.85674, -0.00890559,-1.28511
6.43, 3.14335, 0.0217567,1.28497,8.85665, -0.0217567,-1.28497
6.44, 3.14357, 0.0346064,1.28465,8.85643, -0.0346064,-1.28465
6.45, 3.14391, 0.0474529,1.28413,8.85609, -0.0474529,-1.28413
6.46, 3.14439, 0.0602942,1.28342,8.85561, -0.0602942,-1.28342
6.47, 3.14499, 0.0731284,1.28251,8.85501, -0.0731284,-1.28251
6.48, 3.14572, 0.0859535,1.28142,8.85428, -0.0859535,-1.28142
6.49, 3.14658, 0.0987677,1.28013,8.85342, -0.0987677,-1.28013
6.5, 3.14757, 0.111569,1.27865,8.85243, -0.111569,-1.27865
6.51, 3.14869, 0.124355,1.27697,8.85131, -0.124355,-1.27697
6.52, 3.14993, 0.137125,1.27511,8.85007, -0.137125,-1.27511
6.53, 3.1513, 0.149876,1.27305,8.8487, -0.149876,-1.27305
6.54, 3.1528, 0.162607,1.2708,8.8472, -0.162607,-1.2708
6.55, 3.15443, 0.175315,1.26836,8.84557, -0.175315,-1.26836
6.56, 3.15618, 0.187998,1.26573,8.84382, -0.187998,-1.26573
6.57, 3.15806, 0.200656,1.26291,8.84194, -0.200656,-1.26291
6.58, 3.16006, 0.213285,1.2599,8.83994, -0.213285,-1.2599
6.59, 3.1622, 0.225884,1.2567,8.8378, -0.225884,-1.2567
6.6, 3.16446, 0.238451,1.25332,8.83554, -0.238451,-1.25332
6.61, 3.16684, 0.250984,1.24974,8.83316, -0.250984,-1.24974
6.62, 3.16935, 0.263481,1.24597,8.83065, -0.263481,-1.24597
6.63, 3.17199, 0.275941,1.24202,8.82801, -0.275941,-1.24202
6.64, 3.17475, 0.288361,1.23788,8.82525, -0.288361,-1.23788
6.65, 3.17763, 0.30074,1.23356,8.82237, -0.30074,-1.23356
6.66, 3.18064, 0.313076,1.22905,8.81936, -0.313076,-1.22905
6.67, 3.18377, 0.325366,1.22435,8.81623, -0.325366,-1.22435
6.68, 3.18702, 0.33761,1.21947,8.81298, -0.33761,-1.21947
6.69, 3.1904, 0.349804,1.21441,8.8096, -0.349804,-1.21441
6.7, 3.19389, 0.361948,1.20916,8.80611, -0.361948,-1.20916
6.71, 3.19751, 0.37404,1.20373,8.80249, -0.37404,-1.20373
6.72, 3.20125, 0.386077,1.19812,8.79875, -0.386077,-1.19812
6.73, 3.20512, 0.398058,1.19233,8.79488, -0.398058,-1.19233
6.74, 3.2091, 0.409982,1.18636,8.7909, -0.409982,-1.18636
6.75, 3.2132, 0.421845,1.18021,8.7868, -0.421845,-1.18021
6.76, 3.21741, 0.433647,1.17388,8.78259, -0.433647,-1.17388
6.77, 3.22175, 0.445386,1.16737,8.77825, -0.445386,-1.16737
6.78, 3.2262, 0.45706,1.16069,8.7738, -0.45706,-1.16069
6.79, 3.23078, 0.468667,1.15384,8.76922, -0.468667,-1.15384
6.8, 3.23546, 0.480205,1.14681,8.76454, -0.480205,-1.14681
6.81, 3.24026, 0.491673,1.1396,8.75974, -0.491673,-1.1396
6.82, 3.24518, 0.503069,1.13223,8.75482, -0.503069,-1.13223
6.83, 3.25021, 0.514392,1.12468,8.74979, -0.514392,-1.12468
6.84, 3.25536, 0.525638,1.11697,8.74464, -0.525638,-1.11697
6.85, 3.26061, 0.536808,1.10908,8.73939, -0.536808,-1.10908
6.86, 3.26598, 0.547899,1.10103,8.73402, -0.547899,-1.10103
6.87, 3.27146, 0.558909,1.09281,8.72854, -0.558909,-1.09281
6.88, 3.27705, 0.569837,1.08443,8.72295, -0.569837,-1.08443
6.89, 3.28275, 0.580682,1.07588,8.71725, -0.580682,-1.07588
6.9, 3.28855, 0.59144,1.06717,8.71145, -0.59144,-1.06717
6.91, 3.29447, 0.602112,1.0583,8.70553, -0.602112,-1.0583
6.92, 3.30049, 0.612695,1.04927,8.69951, -0.612695,-1.04927
6.93, 3.30662, 0.623188,1.04008,8.69338, -0.623188,-1.04008
6.94, 3.31285, 0.633589,1.03073,8.68715, -0.633589,-1.03073
6.95, 3.31918, 0.643896,1.02123,8.68082, -0.643896,-1.02122
6.96, 3.32562, 0.654108,1.01157,8.67438, -0.654108,-1.01157
6.97, 3.33216, 0.664224,1.00176,8.66784, -0.664224,-1.00176
6.98, 3.33881, 0.674241,0.991792,8.66119, -0.674241,-0.991792
6.99, 3.34555, 0.684159,0.981678,8.65445, -0.684159,-0.981678
7, 3.35239, 0.693976,0.971416,8.64761, -0.693976,-0.971416
7.01, 3.35933, 0.70369,0.961006,8.64067, -0.70369,-0.961006
7.02, 3.36637, 0.7133,0.950451,8.63363, -0.7133,-0.95045
7.03, 3.3735, 0.722805,0.939751,8.6265, -0.722805,-0.939752
7.04, 3.38073, 0.732202,0.92891,8.61927, -0.732202,-0.92891
7.05, 3.38805, 0.741491,0.917926,8.61195, -0.741491,-0.917926
7.06, 3.39546, 0.750671,0.906804,8.60454, -0.750671,-0.906804
7.07, 3.40297, 0.759739,0.895544,8.59703, -0.759739,-0.895545
7.08, 3.41057, 0.768694,0.884148,8.58943, -0.768694,-0.884148
7.09, 3.41826, 0.777536,0.872618,8.58174, -0.777536,-0.872618
7.1, 3.42603, 0.786262,0.860955,8.57397, -0.786262,-0.860955
7.11, 3.43389, 0.794871,0.84916,8.56611, -0.794871,-0.84916
7.12, 3.44184, 0.803363,0.837237,8.55816, -0.803363,-0.837237
7.13, 3.44988, 0.811735,0.825187,8.55012, -0.811735,-0.825186
7.14, 3.45799, 0.819987,0.813011,8.54201, -0.819987,-0.813011
7.15, 3.46619, 0.828117,0.800711,8.53381, -0.828117,-0.800712
7.16, 3.47447, 0.836124,0.788289,8.52553, -0.836124,-0.788289
7.17, 3.48284, 0.844007,0.775748,8.51716, -0.844007,-0.775748
7.18, 3.49128, 0.851765,0.763088,8.50872, -0.851765,-0.763088
7.19, 3.49979, 0.859396,0.750311,8.50021, -0.859396,-0.75031
7.2, 3.50839, 0.866899,0.73742,8.49161, -0.866899,-0.73742
7.21, 3.51706, 0.874273,0.724417,8.48294, -0.874273,-0.724417
7.22, 3.5258, 0.881517,0.711302,8.4742, -0.881517,-0.711302
7.23, 3.53461, 0.88863,0.69808,8.46539, -0.88863,-0.69808
7.24, 3.5435, 0.895611,0.68475,8.4565, -0.895611,-0.68475
7.25, 3.55246, 0.902458,0.671316,8.44754, -0.902458,-0.671316
7.26, 3.56148, 0.909172,0.657779,8.43852, -0.909172,-0.657779
7.27, 3.57057, 0.915749,0.644141,8.42943, -0.915749,-0.644142
7.28, 3.57973, 0.922191,0.630405,8.42027, -0.922191,-0.630405
7.29, 3.58895, 0.928495,0.616572,8.41105, -0.928495,-0.616572
7.3, 3.59824, 0.934661,0.602645,8.40176, -0.93466,-0.602644
7.31, 3.60758, 0.940687,0.588625,8.39242, -0.940687,-0.588625
7.32, 3.61699, 0.946573,0.574515,8.38301, -0.946573,-0.574515
7.33, 3.62646, 0.952318,0.560316,8.37354, -0.952318,-0.560316
7.34, 3.63598, 0.957922,0.546031,8.36402, -0.957921,-0.546032
7.35, 3.64556, 0.963382,0.531662,8.35444, -0.963382,-0.531662
7.36, 3.65519, 0.968698,0.517212,8.34481, -0.968698,-0.517211
7.37, 3.66488, 0.973871,0.502682,8.33512, -0.973871,-0.502682
7.38, 3.67462, 0.978897,0.488073,8.32538, -0.978897,-0.488073
7.39, 3.68441, 0.983778,0.47339,8.31559, -0.983778,-0.473389
7.4, 3.69424, 0.988512,0.458633,8.30576, -0.988512,-0.458633
7.41, 3.70413, 0.993098,0.443805,8.29587, -0.993098,-0.443806
7.42, 3.71406, 0.997536,0.428909,8.28594, -0.997536,-0.428909
7.43, 3.72404, 1.00183,0.413946,8.27596, -1.00183,-0.413946
7.44, 3.73405, 1.00596,0.398918,8.26595, -1.00596,-0.398918
7.45, 3.74411, 1.00995,0.383829,8.25589, -1.00995,-0.383829
7.46, 3.75421, 1.01379,0.36868,8.24579, -1.01379,-0.36868
7.47, 3.76435, 1.01748,0.353473,8.23565, -1.01748,-0.353472
7.48, 3.77453, 1.02101,0.338211,8.22547, -1.02101,-0.33821
7.49, 3.78474, 1.0244,0.322895,8.21526, -1.0244,-0.322895
7.5, 3.79498, 1.02763,0.30753,8.20502, -1.02762,-0.30753
7.51, 3.80526, 1.0307,0.292115,8.19474, -1.0307,-0.292115
7.52, 3.81556, 1.03362,0.276655,8.18444, -1.03362,-0.276655
7.53, 3.8259, 1.03639,0.26115,8.1741, -1.03639,-0.26115
7.54, 3.83626, 1.039,0.245605,8.16374, -1.039,-0.245605
7.55, 3.84665, 1.04146,0.230019,8.15335, -1.04146,-0.230019
7.56, 3.85707, 1.04376,0.214398,8.14293, -1.04376,-0.214398
7.57, 3.86751, 1.0459,0.198741,8.13249, -1.0459,-0.198741
7.58, 3.87796, 1.04789,0.183053,8.12204, -1.04789,-0.183053
7.59, 3.88844, 1.04972,0.167334,8.11156, -1.04972,-0.167334
7.6, 3.89894, 1.05139,0.151589,8.10106, -1.05139,-0.151588
7.61, 3.90945, 1.05291,0.135818,8.09055, -1.05291,-0.135818
7.62, 3.91998, 1.05427,0.120024,8.08002, -1.05427,-0.120024
7.63, 3.93053, 1.05547,0.10421,8.06947, -1.05547,-0.10421
7.64, 3.94108, 1.05651,0.0883784,8.05892, -1.05651,-0.0883784
7.65, 3.95165, 1.05739,0.072531,8.04835, -1.05739,-0.0725312
7.66, 3.96222, 1.05812,0.0566699,8.03778, -1.05812,-0.0566697
7.67, 3.9728, 1.05868,0.0407982,8.0272, -1.05868,-0.0407982
7.68, 3.98339, 1.05909,0.0249179,8.01661, -1.05909,-0.0249181
7.69, 3.99398, 1.05934,0.00903153,8.00602, -1.05934,-0.00903225
7.7, 4.00457, 1.05943,-0.00685859,7.99543, -1.05943,0.00685859
7.71, 4.01517, 1.05936,-0.0227501,7.98483, -1.05936,0.0227501
7.72, 4.02576, 1.05913,-0.0386403,7.97424, -1.05913,0.0386403
7.73, 4.03635, 1.05875,-0.0545275,7.96365, -1.05875,0.0545275
7.74, 4.04694, 1.0582,-0.0704091,7.95306, -1.0582,0.0704083
7.75, 4.05752, 1.0575,-0.086282,7.94248, -1.0575,0.086282
7.76, 4.0681, 1.05664,-0.102144,7.9319, -1.05664,0.102144
7.77, 4.07866, 1.05561,-0.117994,7.92134, -1.05561,0.117994
7.78, 4.08922, 1.05443,-0.133828,7.91078, -1.05443,0.133828
7.79, 4.09976, 1.0531,-0.149644,7.90024, -1.0531,0.149644
7.8, 4.11029, 1.0516,-0.165441,7.88971, -1.0516,0.165441
7.81, 4.12081, 1.04995,-0.181215,7.87919, -1.04995,0.181215
7.82, 4.13131, 1.04813,-0.196964,7.86869, -1.04813,0.196964
7.83, 4.14179, 1.04616,-0.212686,7.85821, -1.04616,0.212686
7.84, 4.15225, 1.04404,-0.228378,7.84775, -1.04404,0.228378
7.85, 4.16269, 1.04175,-0.244039,7.83731, -1.04175,0.244039
7.86, 4.17311, 1.03931,-0.259666,7.82689, -1.03931,0.259665
7.87, 4.1835, 1.03672,-0.275255,7.8165, -1.03672,0.275255
7.88, 4.19387, 1.03396,-0.290806,7.80613, -1.03396,0.290806
7.89, 4.20421, 1.03106,-0.306315,7.79579, -1.03106,0.306315
7.9, 4.21452, 1.02799,-0.321781,7.78548, -1.02799,0.321781
7.91, 4.2248, 1.02477,-0.337201,7.7752, -1.02477,0.337201
7.92, 4.23505, 1.0214,-0.352572,7.76495, -1.0214,0.352572
7.93, 4.24526, 1.01788,-0.367894,7.75474, -1.01788,0.367894
7.94, 4.25544, 1.0142,-0.383162,7.74456, -1.0142,0.383162
7.95, 4.26558, 1.01037,-0.398375,7.73442, -1.01037,0.398375
7.96, 4.27569, 1.00638,-0.41353,7.72431, -1.00638,0.41353
7.97, 4.28575, 1.00225,-0.428626,7.71425, -1.00225,0.428626
7.98, 4.29577, 0.997961,-0.44366,7.70423, -0.997961,0.44366
7.99, 4.30575, 0.993524,-0.458629,7.69425, -0.993524,0.458629
