t, x0, x1, x2, x3, x4, x5, x6, x7, x8, x9, x10, x11, x12, x13, x14, x15, x16, x17, x18, x19, x20, x21, x22, x23, x24, x25, x26, x27, x28, x29, x30, x31, x32, x33, x34, x35, x36, x37, x38, x39, x40
0, 0, 0.0243902, 0.0487805, 0.0731707, 0.097561, 0.121951, 0.146341, 0.170732, 0.195122, 0.219512, 0.243902, 0.268293, 0.292683, 0.317073, 0.341463, 0.365854, 0.390244, 0.414634, 0.439024, 0.463415, 0.487805, 0.512195, 0.536585, 0.560976, 0.585366, 0.609756, 0.634146, 0.658537, 0.682927, 0.707317, 0.731707, 0.756098, 0.780488, 0.804878, 0.829268, 0.853659, 0.878049, 0.902439, 0.926829, 0.95122, 1
1, 0, 0.0243902, 0.0487805, 0.0731707, 0.097561, 0.121951, 0.146341, 0.170732, 0.195122, 0.219512, 0.243902, 0.268293, 0.292683, 0.317073, 0.341463, 0.365854, 0.390244, 0.414634, 0.439024, 0.463415, 0.487805, 0.512195, 0.536585, 0.560976, 0.585366, 0.609756, 0.634146, 0.658537, 0.682927, 0.707317, 0.731707, 0.756098, 0.780488, 0.804878, 0.829268, 0.853659, 0.878049, 0.902439, 0.926829, 0.95122, 1
2, 0, 0.0243902, 0.0487805, 0.0731707, 0.097561, 0.121951, 0.146341, 0.170732, 0.195122, 0.219512, 0.243902, 0.268293, 0.292683, 0.317073, 0.341463, 0.365854, 0.390244, 0.414634, 0.439024, 0.463415, 0.487805, 0.512195, 0.536585, 0.560976, 0.585366, 0.609756, 0.634146, 0.658537, 0.682927, 0.707317, 0.731707, 0.756098, 0.780488, 0.804878, 0.829268, 0.853659, 0.878049, 0.902439, 0.926829, 0.95122, 1
3, 0, 0.0243902, 0.0487805, 0.0731707, 0.097561, 0.121951, 0.146341, 0.170732, 0.195122, 0.219512, 0.243902, 0.268293, 0.292683, 0.317073, 0.341463, 0.365854, 0.390244, 0.414634, 0.439024, 0.463415, 0.487805, 0.512195, 0.536585, 0.560976, 0.585366, 0.609756, 0.634146, 0.658537, 0.682927, 0.707317, 0.731707, 0.756098, 0.780488, 0.804878, 0.829268, 0.853659, 0.878049, 0.902439, 0.926829, 0.95122, 1
4, 0, 0.0243902, 0.0487805, 0.0731707, 0.097561, 0.121951, 0.146341, 0.170732, 0.195122, 0.219512, 0.243902, 0.268293, 0.292683, 0.317073, 0.341463, 0.365854, 0.390244, 0.414634, 0.439024, 0.463415, 0.487805, 0.512195, 0.536585, 0.560976, 0.585366, 0.609756, 0.634146, 0.658537, 0.682927, 0.707317, 0.731707, 0.756098, 0.780488, 0.804878, 0.829268, 0.853659, 0.878049, 0.902439, 0.926829, 0.95122, 1
5, 0, 0.0243902, 0.0487805, 0.0731707, 0.097561, 0.121951, 0.146341, 0.170732, 0.195122, 0.219512, 0.243902, 0.268293, 0.292683, 0.317073, 0.341463, 0.365854, 0.390244, 0.414634, 0.439024, 0.463415, 0.487805, 0.512195, 0.536585, 0.560976, 0.585366, 0.609756, 0.634146, 0.658537, 0.682927, 0.707317, 0.731707, 0.756098, 0.780488, 0.804878, 0.829268, 0.853659, 0.878049, 0.902439, 0.926829, 0.95122, 1
6, 0, 0.0243902, 0.0487805, 0.0731707, 0.097561, 0.121951, 0.146341, 0.170732, 0.195122, 0.219512, 0.243902, 0.268293, 0.292683, 0.317073, 0.341463, 0.365854, 0.390244, 0.414634, 0.439024, 0.463415, 0.487805, 0.512195, 0.536585, 0.560976, 0.585366, 0.609756, 0.634146, 0.658537, 0.682927, 0.707317, 0.731707, 0.756098, 0.780488, 0.804878, 0.829268, 0.853659, 0.878049, 0.902439, 0.926829, 0.95122, 1
7, 0, 0.0243902, 0.0487805, 0.0731707, 0.097561, 0.121951, 0.146341, 0.170732, 0.195122, 0.219512, 0.243902, 0.268293, 0.292683, 0.317073, 0.341463, 0.365854, 0.390244, 0.414634, 0.439024, 0.463415, 0.487805, 0.512195, 0.536585, 0.560976, 0.585366, 0.609756, 0.634146, 0.658537, 0.682927, 0.707317, 0.731707, 0.756098, 0.780488, 0.804878, 0.829268, 0.853659, 0.878049, 0.902439, 0.926829, 0.95122, 1
8, 0, 0.0243902, 0.0487805, 0.0731707, 0.097561, 0.121951, 0.146341, 0.170732, 0.195122, 0.219512, 0.243902, 0.268293, 0.292683, 0.317073, 0.341463, 0.365854, 0.390244, 0.414634, 0.439024, 0.463415, 0.487805, 0.512195, 0.536585, 0.560976, 0.585366, 0.609756, 0.634146, 0.658537, 0.682927, 0.707317, 0.731707, 0.756098, 0.780488, 0.804878, 0.829268, 0.853659, 0.878049, 0.902439, 0.926829, 0.95122, 1
9, 0, 0.0243902, 0.0487805, 0.0731707, 0.097561, 0.121951, 0.146341, 0.170732, 0.195122, 0.219512, 0.243902, 0.268293, 0.292683, 0.317073, 0.341463, 0.365854, 0.390244, 0.414634, 0.439024, 0.463415, 0.487805, 0.512195, 0.536585, 0.560976, 0.585366, 0.609756, 0.634146, 0.658537, 0.682927, 0.707317, 0.731707, 0.756098, 0.780488, 0.804878, 0.829268, 0.853659, 0.878049, 0.902439, 0.926829, 0.95122, 1
10, 0, 0.0243902, 0.0487805, 0.0731707, 0.097561, 0.121951, 0.146341, 0.170732, 0.195122, 0.219512, 0.243902, 0.268293, 0.292683, 0.317073, 0.341463, 0.365854, 0.390244, 0.414634, 0.439024, 0.463415, 0.487805, 0.512195, 0.536585, 0.560976, 0.585366, 0.609756, 0.634146, 0.658537, 0.682927, 0.707317, 0.731707, 0.756098, 0.780488, 0.804878, 0.829268, 0.853659, 0.878049, 0.902439, 0.926829, 0.95122, 1
11, 0, 0.0243902, 0.0487805, 0.0731707, 0.097561, 0.121951, 0.146341, 0.170732, 0.195122, 0.219512, 0.243902, 0.268293, 0.292683, 0.317073, 0.341463, 0.365854, 0.390244, 0.414634, 0.439024, 0.463415, 0.487805, 0.512195, 0.536585, 0.560976, 0.585366, 0.609756, 0.634146, 0.658537, 0.682927, 0.707317, 0.731707, 0.756098, 0.780488, 0.804878, 0.829268, 0.853659, 0.878049, 0.902439, 0.926829, 0.95122, 1
12, 0, 0.0243902, 0.0487805, 0.0731707, 0.097561, 0.121951, 0.146341, 0.170732, 0.195122, 0.219512, 0.243902, 0.268293, 0.292683, 0.317073, 0.341463, 0.365854, 0.390244, 0.414634, 0.439024, 0.463415, 0.487805, 0.512195, 0.536585, 0.560976, 0.585366, 0.609756, 0.634146, 0.658537, 0.682927, 0.707317, 0.731707, 0.756098, 0.780488, 0.804878, 0.829268, 0.853659, 0.878049, 0.902439, 0.926829, 0.95122, 1
13, 0, 0.0243902, 0.0487805, 0.0731707, 0.097561, 0.121951, 0.146341, 0.170732, 0.195122, 0.219512, 0.243902, 0.268293, 0.292683, 0.317073, 0.341463, 0.365854, 0.390244, 0.414634, 0.439024, 0.463415, 0.487805, 0.512195, 0.536585, 0.560976, 0.585366, 0.609756, 0.634146, 0.658537, 0.682927, 0.707317, 0.731707, 0.756098, 0.780488, 0.804878, 0.829268, 0.853659, 0.878049, 0.902439, 0.926829, 0.95122, 1
14, 0, 0.0243902, 0.0487805, 0.0731707, 0.097561, 0.121951, 0.146341, 0.170732, 0.195122, 0.219512, 0.243902, 0.268293, 0.292683, 0.317073, 0.341463, 0.365854, 0.390244, 0.414634, 0.439024, 0.463415, 0.487805, 0.512195, 0.536585, 0.560976, 0.585366, 0.609756, 0.634146, 0.658537, 0.682927, 0.707317, 0.731707, 0.756098, 0.780488, 0.804878, 0.829268, 0.853659, 0.878049, 0.902439, 0.926829, 0.95122, 1
15, 0, 0.0243902, 0.0487805, 0.0731707, 0.097561, 0.121951, 0.146341, 0.170732, 0.195122, 0.219512, 0.243902, 0.268293, 0.292683, 0.317073, 0.341463, 0.365854, 0.390244, 0.414634, 0.439024, 0.463415, 0.487805, 0.512195, 0.536585, 0.560976, 0.585366, 0.609756, 0.634146, 0.658537, 0.682927, 0.707317, 0.731707, 0.756098, 0.780488, 0.804878, 0.829268, 0.853659, 0.878049, 0.902439, 0.926829, 0.95122, 1
16, 0, 0.0243902, 0.0487805, 0.0731707, 0.097561, 0.121951, 0.146341, 0.170732, 0.195122, 0.219512, 0.243902, 0.268293, 0.292683, 0.317073, 0.341463, 0.365854, 0.390244, 0.414634, 0.439024, 0.463415, 0.487805, 0.512195, 0.536585, 0.560976, 0.585366, 0.609756, 0.634146, 0.658537, 0.682927, 0.707317, 0.731707, 0.756098, 0.780488, 0.804878, 0.829268, 0.853659, 0.878049, 0.902439, 0.926829, 0.95122, 1
17, 0, 0.0243902, 0.0487805, 0.0731707, 0.097561, 0.121951, 0.146341, 0.170732, 0.195122, 0.219512, 0.243902, 0.268293, 0.292683, 0.317073, 0.341463, 0.365854, 0.390244, 0.414634, 0.439024, 0.463415, 0.487805, 0.512195, 0.536585, 0.560976, 0.585366, 0.609756, 0.634146, 0.658537, 0.682927, 0.707317, 0.731707, 0.756098, 0.780488, 0.804878, 0.829268, 0.853659, 0.878049, 0.902439, 0.926829, 0.95122, 1
18, 0, 0.0243902, 0.0487805, 0.0731707, 0.097561, 0.121951, 0.146341, 0.170732, 0.195122, 0.219512, 0.243902, 0.268293, 0.292683, 0.317073, 0.341463, 0.365854, 0.390244, 0.414634, 0.439024, 0.463415, 0.487805, 0.512195, 0.536585, 0.560976, 0.585366, 0.609756, 0.634146, 0.658537, 0.682927, 0.707317, 0.731707, 0.756098, 0.780488, 0.804878, 0.829268, 0.853659, 0.878049, 0.902439, 0.926829, 0.95122, 1
19, 0, 0.0243902, 0.0487805, 0.0731707, 0.097561, 0.121951, 0.146341, 0.170732, 0.195122, 0.219512, 0.243902, 0.268293, 0.292683, 0.317073, 0.341463, 0.365854, 0.390244, 0.414634, 0.439024, 0.463415, 0.487805, 0.512195, 0.536585, 0.560976, 0.585366, 0.609756, 0.634146, 0.658537, 0.682927, 0.707317, 0.731707, 0.756098, 0.780488, 0.804878, 0.829268, 0.853659, 0.878049, 0.902439, 0.926829, 0.95122, 1
20, 0, 0.0243902, 0.0487805, 0.0731707, 0.097561, 0.121951, 0.146341, 0.170732, 0.195122, 0.219512, 0.243902, 0.268293, 0.292683, 0.317073, 0.341463, 0.365854, 0.390244, 0.414634, 0.439024, 0.463415, 0.487805, 0.512195, 0.536585, 0.560976, 0.585366, 0.609756, 0.634146, 0.658537, 0.682927, 0.707317, 0.731707, 0.756098, 0.780488, 0.804878, 0.829268, 0.853659, 0.878049, 0.902439, 0.926829, 0.95122, 1
21, 0, 0.0243902, 0.0487805, 0.0731707, 0.097561, 0.121951, 0.146341, 0.170732, 0.195122, 0.219512, 0.243902, 0.268293, 0.292683, 0.317073, 0.341463, 0.365854, 0.390244, 0.414634, 0.439024, 0.463415, 0.487805, 0.512195, 0.536585, 0.560976, 0.585366, 0.609756, 0.634146, 0.658537, 0.682927, 0.707317, 0.731707, 0.756098, 0.780488, 0.804878, 0.829268, 0.853659, 0.878049, 0.902439, 0.926829, 0.95122, 1
22, 0, 0.0243902, 0.0487805, 0.0731707, 0.097561, 0.121951, 0.146341, 0.170732, 0.195122, 0.219512, 0.243902, 0.268293, 0.292683, 0.317073, 0.341463, 0.365854, 0.390244, 0.414634, 0.439024, 0.463415, 0.487805, 0.512195, 0.536585, 0.560976, 0.585366, 0.609756, 0.634146, 0.658537, 0.682927, 0.707317, 0.731707, 0.756098, 0.780488, 0.804878, 0.829268, 0.853659, 0.878049, 0.902439, 0.926829, 0.95122, 1
23, 0, 0.0243902, 0.0487805, 0.0731707, 0.097561, 0.121951, 0.146341, 0.170732, 0.195122, 0.219512, 0.243902, 0.268293, 0.292683, 0.317073, 0.341463, 0.365854, 0.390244, 0.414634, 0.439024, 0.463415, 0.487805, 0.512195, 0.536585, 0.560976, 0.585366, 0.609756, 0.634146, 0.658537, 0.682927, 0.707317, 0.731707, 0.756098, 0.780488, 0.804878, 0.829268, 0.853659, 0.878049, 0.902439, 0.926829, 0.95122, 1
24, 0, 0.0243902, 0.0487805, 0.0731707, 0.097561, 0.121951, 0.146341, 0.170732, 0.195122, 0.219512, 0.243902, 0.268293, 0.292683, 0.317073, 0.341463, 0.365854, 0.390244, 0.414634, 0.439024, 0.463415, 0.487805, 0.512195, 0.536585, 0.560976, 0.585366, 0.609756, 0.634146, 0.658537, 0.682927, 0.707317, 0.731707, 0.756098, 0.780488, 0.804878, 0.829268, 0.853659, 0.878049, 0.902439, 0.926829, 0.95122, 1
25, 0, 0.0243902, 0.0487805, 0.0731707, 0.097561, 0.121951, 0.146341, 0.170732, 0.195122, 0.219512, 0.243902, 0.268293, 0.292683, 0.317073, 0.341463, 0.365854, 0.390244, 0.414634, 0.439024, 0.463415, 0.487805, 0.512195, 0.536585, 0.560976, 0.585366, 0.609756, 0.634146, 0.658537, 0.682927, 0.707317, 0.731707, 0.756098, 0.780488, 0.804878, 0.829268, 0.853659, 0.878049, 0.902439, 0.926829, 0.95122, 1
26, 0, 0.0243902, 0.0487805, 0.0731707, 0.097561, 0.121951, 0.146341, 0.170732, 0.195122, 0.219512, 0.243902, 0.268293, 0.292683, 0.317073, 0.341463, 0.365854, 0.390244, 0.414634, 0.439024, 0.463415, 0.487805, 0.512195, 0.536585, 0.560976, 0.585366, 0.609756, 0.634146, 0.658537, 0.682927, 0.707317, 0.731707, 0.756098, 0.780488, 0.804878, 0.829268, 0.853659, 0.878049, 0.902439, 0.926829, 0.95122, 1
27, 0, 0.0243902, 0.0487805, 0.0731707, 0.097561, 0.121951, 0.146341, 0.170732, 0.195122, 0.219512, 0.243902, 0.268293, 0.292683, 0.317073, 0.341463, 0.365854, 0.390244, 0.414634, 0.439024, 0.463415, 0.487805, 0.512195, 0.536585, 0.560976, 0.585366, 0.609756, 0.634146, 0.658537, 0.682927, 0.707317, 0.731707, 0.756098, 0.780488, 0.804878, 0.829268, 0.853659, 0.878049, 0.902439, 0.926829, 0.95122, 1
28, 0, 0.0243902, 0.0487805, 0.0731707, 0.097561, 0.121951, 0.146341, 0.170732, 0.195122, 0.219512, 0.243902, 0.268293, 0.292683, 0.317073, 0.341463, 0.365854, 0.390244, 0.414634, 0.439024, 0.463415, 0.487805, 0.512195, 0.536585, 0.560976, 0.585366, 0.609756, 0.634146, 0.658537, 0.682927, 0.707317, 0.731707, 0.756098, 0.780488, 0.804878, 0.829268, 0.853659, 0.878049, 0.902439, 0.926829, 0.95122, 1
29, 0, 0.0243902, 0.0487805, 0.0731707, 0.097561, 0.121951, 0.146341, 0.170732, 0.195122, 0.219512, 0.243902, 0.268293, 0.292683, 0.317073, 0.341463, 0.365854, 0.390244, 0.414634, 0.439024, 0.463415, 0.487805, 0.512195, 0.536585, 0.560976, 0.585366, 0.609756, 0.634146, 0.658537, 0.682927, 0.707317, 0.731707, 0.756098, 0.780488, 0.804878, 0.829268, 0.853659, 0.878049, 0.902439, 0.926829, 0.95122, 1
30, 0, 0.0243902, 0.0487805, 0.0731707, 0.097561, 0.121951, 0.146341, 0.170732, 0.195122, 0.219512, 0.243902, 0.268293, 0.292683, 0.317073, 0.341463, 0.365854, 0.390244, 0.414634, 0.439024, 0.463415, 0.487805, 0.512195, 0.536585, 0.560976, 0.585366, 0.609756, 0.634146, 0.658537, 0.682927, 0.707317, 0.731707, 0.756098, 0.780488, 0.804878, 0.829268, 0.853659, 0.878049, 0.902439, 0.926829, 0.95122, 1
31, 0, 0.0243902, 0.0487805, 0.0731707, 0.097561, 0.121951, 0.146341, 0.170732, 0.195122, 0.219512, 0.243902, 0.268293, 0.292683, 0.317073, 0.341463, 0.365854, 0.390244, 0.414634, 0.439024, 0.463415, 0.487805, 0.512195, 0.536585, 0.560976, 0.585366, 0.609756, 0.634146, 0.658537, 0.682927, 0.707317, 0.731707, 0.756098, 0.780488, 0.804878, 0.829268, 0.853659, 0.878049, 0.902439, 0.926829, 0.95122, 1
32, 0, 0.0243902, 0.0487805, 0.0731707, 0.097561, 0.121951, 0.146341, 0.170732, 0.195122, 0.219512, 0.243902, 0.268293, 0.292683, 0.317073, 0.341463, 0.365854, 0.390244, 0.414634, 0.439024, 0.463415, 0.487805, 0.512195, 0.536585, 0.560976, 0.585366, 0.609756, 0.634146, 0.658537, 0.682927, 0.707317, 0.731707, 0.756098, 0.780488, 0.804878, 0.829268, 0.853659, 0.878049, 0.902439, 0.926829, 0.95122, 1
33, 0, 0.0243902, 0.0487805, 0.0731707, 0.097561, 0.121951, 0.146341, 0.170732, 0.195122, 0.219512, 0.243902, 0.268293, 0.292683, 0.317073, 0.341463, 0.365854, 0.390244, 0.414634, 0.439024, 0.463415, 0.487805, 0.512195, 0.536585, 0.560976, 0.585366, 0.609756, 0.634146, 0.658537, 0.682927, 0.707317, 0.731707, 0.756098, 0.780488, 0.804878, 0.829268, 0.853659, 0.878049, 0.902439, 0.926829, 0.95122, 1
34, 0, 0.0243902, 0.0487805, 0.0731707, 0.097561, 0.121951, 0.146341, 0.170732, 0.195122, 0.219512, 0.243902, 0.268293, 0.292683, 0.317073, 0.341463, 0.365854, 0.390244, 0.414634, 0.439024, 0.463415, 0.487805, 0.512195, 0.536585, 0.560976, 0.585366, 0.609756, 0.634146, 0.658537, 0.682927, 0.707317, 0.731707, 0.756098, 0.780488, 0.804878, 0.829268, 0.853659, 0.878049, 0.902439, 0.926829, 0.95122, 1
35, 0, 0.0243902, 0.0487805, 0.0731707, 0.097561, 0.121951, 0.146341, 0.170732, 0.195122, 0.219512, 0.243902, 0.268293, 0.292683, 0.317073, 0.341463, 0.365854, 0.390244, 0.414634, 0.439024, 0.463415, 0.487805, 0.512195, 0.536585, 0.560976, 0.585366, 0.609756, 0.634146, 0.658537, 0.682927, 0.707317, 0.731707, 0.756098, 0.780488, 0.804878, 0.829268, 0.853659, 0.878049, 0.902439, 0.926829, 0.95122, 1
36, 0, 0.0243902, 0.0487805, 0.0731707, 0.097561, 0.121951, 0.146341, 0.170732, 0.195122, 0.219512, 0.243902, 0.268293, 0.292683, 0.317073, 0.341463, 0.365854, 0.390244, 0.414634, 0.439024, 0.463415, 0.487805, 0.512195, 0.536585, 0.560976, 0.585366, 0.609756, 0.634146, 0.658537, 0.682927, 0.707317, 0.731707, 0.756098, 0.780488, 0.804878, 0.829268, 0.853659, 0.878049, 0.902439, 0.926829, 0.95122, 1
37, 0, 0.0243902, 0.0487805, 0.0731707, 0.097561, 0.121951, 0.146341, 0.170732, 0.195122, 0.219512, 0.243902, 0.268293, 0.292683, 0.317073, 0.341463, 0.365854, 0.390244, 0.414634, 0.439024, 0.463415, 0.487805, 0.512195, 0.536585, 0.560976, 0.585366, 0.609756, 0.634146, 0.658537, 0.682927, 0.707317, 0.731707, 0.756098, 0.780488, 0.804878, 0.829268, 0.853659, 0.878049, 0.902439, 0.926829, 0.95122, 1
38, 0, 0.0243902, 0.0487805, 0.0731707, 0.097561, 0.121951, 0.146341, 0.170732, 0.195122, 0.219512, 0.243902, 0.268293, 0.292683, 0.317073, 0.341463, 0.365854, 0.390244, 0.414634, 0.439024, 0.463415, 0.487805, 0.512195, 0.536585, 0.560976, 0.585366, 0.609756, 0.634146, 0.658537, 0.682927, 0.707317, 0.731707, 0.756098, 0.780488, 0.804878, 0.829268, 0.853659, 0.878049, 0.902439, 0.926829, 0.95122, 1
39, 0, 0.0243902, 0.0487805, 0.0731707, 0.097561, 0.121951, 0.146341, 0.170732, 0.195122, 0.219512, 0.243902, 0.268293, 0.292683, 0.317073, 0.341463, 0.365854, 0.390244, 0.414634, 0.439024, 0.463415, 0.487805, 0.512195, 0.536585, 0.560976, 0.585366, 0.609756, 0.634146, 0.658537, 0.682927, 0.707317, 0.731707, 0.756098, 0.780488, 0.804878, 0.829268, 0.853659, 0.878049, 0.902439, 0.926829, 0.95122, 1
40, 0, 0.0243902, 0.0487805, 0.0731707, 0.097561, 0.121951, 0.146341, 0.170732, 0.195122, 0.219512, 0.243902, 0.268293, 0.292683, 0.317073, 0.341463, 0.365854, 0.390244, 0.414634, 0.439024, 0.463415, 0.487805, 0.512195, 0.536585, 0.560976, 0.585366, 0.609756, 0.634146, 0.658537, 0.682927, 0.707317, 0.731707, 0.756098, 0.780488, 0.804878, 0.829268, 0.853659, 0.878049, 0.902439, 0.926829, 0.95122, 1
41, 0, 0.0243902, 0.0487805, 0.0731707, 0.097561, 0.121951, 0.146341, 0.170732, 0.195122, 0.219512, 0.243902, 0.268293, 0.292683, 0.317073, 0.341463, 0.365854, 0.390244, 0.414634, 0.439024, 0.463415, 0.487805, 0.512195, 0.536585, 0.560976, 0.585366, 0.609756, 0.634146, 0.658537, 0.682927, 0.707317, 0.731707, 0.756098, 0.780488, 0.804878, 0.829268, 0.853659, 0.878049, 0.902439, 0.926829, 0.95122, 1
42, 0, 0.0243902, 0.0487805, 0.0731707, 0.097561, 0.121951, 0.146341, 0.170732, 0.195122, 0.219512, 0.243902, 0.268293, 0.292683, 0.317073, 0.341463, 0.365854, 0.390244, 0.414634, 0.439024, 0.463415, 0.487805, 0.512195, 0.536585, 0.560976, 0.585366, 0.609756, 0.634146, 0.658537, 0.682927, 0.707317, 0.731707, 0.756098, 0.780488, 0.804878, 0.829268, 0.853659, 0.878049, 0.902439, 0.926829, 0.95122, 1
43, 0, 0.0243902, 0.0487805, 0.0731707, 0.097561, 0.121951, 0.146341, 0.170732, 0.195122, 0.219512, 0.243902, 0.268293, 0.292683, 0.317073, 0.341463, 0.365854, 0.390244, 0.414634, 0.439024, 0.463415, 0.487805, 0.512195, 0.536585, 0.560976, 0.585366, 0.609756, 0.634146, 0.658537, 0.682927, 0.707317, 0.731707, 0.756098, 0.780488, 0.804878, 0.829268, 0.853659, 0.878049, 0.902439, 0.926829, 0.95122, 1
44, 0, 0.0243902, 0.0487805, 0.0731707, 0.097561, 0.121951, 0.146341, 0.170732, 0.195122, 0.219512, 0.243902, 0.268293, 0.292683, 0.317073, 0.341463, 0.365854, 0.390244, 0.414634, 0.439024, 0.463415, 0.487805, 0.512195, 0.536585, 0.560976, 0.585366, 0.609756, 0.634146, 0.658537, 0.682927, 0.707317, 0.731707, 0.756098, 0.780488, 0.804878, 0.829268, 0.853659, 0.878049, 0.902439, 0.926829, 0.95122, 1
45, 0, 0.0243902, 0.0487805, 0.0731707, 0.097561, 0.121951, 0.146341, 0.170732, 0.195122, 0.219512, 0.243902, 0.268293, 0.292683, 0.317073, 0.341463, 0.365854, 0.390244, 0.414634, 0.439024, 0.463415, 0.487805, 0.512195, 0.536585, 0.560976, 0.585366, 0.609756, 0.634146, 0.658537, 0.682927, 0.707317, 0.731707, 0.756098, 0.780488, 0.804878, 0.829268, 0.853659, 0.878049, 0.902439, 0.926829, 0.95122, 1
46, 0, 0.0243902, 0.0487805, 0.0731707, 0.097561, 0.121951, 0.146341, 0.170732, 0.195122, 0.219512, 0.243902, 0.268293, 0.292683, 0.317073, 0.341463, 0.365854, 0.390244, 0.414634, 0.439024, 0.463415, 0.487805, 0.512195, 0.536585, 0.560976, 0.585366, 0.609756, 0.634146, 0.658537, 0.682927, 0.707317, 0.731707, 0.756098, 0.780488, 0.804878, 0.829268, 0.853659, 0.878049, 0.902439, 0.926829, 0.95122, 1
47, 0, 0.0243902, 0.0487805, 0.0731707, 0.097561, 0.121951, 0.146341, 0.170732, 0.195122, 0.219512, 0.243902, 0.268293, 0.292683, 0.317073, 0.341463, 0.365854, 0.390244, 0.414634, 0.439024, 0.463415, 0.487805, 0.512195, 0.536585, 0.560976, 0.585366, 0.609756, 0.634146, 0.658537, 0.682927, 0.707317, 0.731707, 0.756098, 0.780488, 0.804878, 0.829268, 0.853659, 0.878049, 0.902439, 0.926829, 0.95122, 1
48, 0, 0.0243902, 0.0487805, 0.0731707, 0.097561, 0.121951, 0.146341, 0.170732, 0.195122, 0.219512, 0.243902, 0.268293, 0.292683, 0.317073, 0.341463, 0.365854, 0.390244, 0.414634, 0.439024, 0.463415, 0.487805, 0.512195, 0.536585, 0.560976, 0.585366, 0.609756, 0.634146, 0.658537, 0.682927, 0.707317, 0.731707, 0.756098, 0.780488, 0.804878, 0.829268, 0.853659, 0.878049, 0.902439, 0.926829, 0.95122, 1
49, 0, 0.0243902, 0.0487805, 0.0731707, 0.097561, 0.121951, 0.146341, 0.170732, 0.195122, 0.219512, 0.243902, 0.268293, 0.292683, 0.317073, 0.341463, 0.365854, 0.390244, 0.414634, 0.439024, 0.463415, 0.487805, 0.512195, 0.536585, 0.560976, 0.585366, 0.609756, 0.634146, 0.658537, 0.682927, 0.707317, 0.731707, 0.756098, 0.780488, 0.804878, 0.829268, 0.853659, 0.878049, 0.902439, 0.926829, 0.95122, 1
50, 0, 0.0243902, 0.0487805, 0.0731707, 0.097561, 0.121951, 0.146341, 0.170732, 0.195122, 0.219512, 0.243902, 0.268293, 0.292683, 0.317073, 0.341463, 0.365854, 0.390244, 0.414634, 0.439024, 0.463415, 0.487805, 0.512195, 0.536585, 0.560976, 0.585366, 0.609756, 0.634146, 0.658537, 0.682927, 0.707317, 0.731707, 0.756098, 0.780488, 0.804878, 0.829268, 0.853659, 0.878049, 0.902439, 0.926829, 0.95122, 1
51, 0, 0.0243902, 0.0487805, 0.0731707, 0.097561, 0.121951, 0.146341, 0.170732, 0.195122, 0.219512, 0.243902, 0.268293, 0.292683, 0.317073, 0.341463, 0.365854, 0.390244, 0.414634, 0.439024, 0.463415, 0.487805, 0.512195, 0.536585, 0.560976, 0.585366, 0.609756, 0.634146, 0.658537, 0.682927, 0.707317, 0.731707, 0.756098, 0.780488, 0.804878, 0.829268, 0.853659, 0.878049, 0.902439, 0.926829, 0.95122, 1
52, 0, 0.0243902, 0.0487805, 0.0731707, 0.097561, 0.121951, 0.146341, 0.170732, 0.195122, 0.219512, 0.243902, 0.268293, 0.292683, 0.317073, 0.341463, 0.365854, 0.390244, 0.414634, 0.439024, 0.463415, 0.487805, 0.512195, 0.536585, 0.560976, 0.585366, 0.609756, 0.634146, 0.658537, 0.682927, 0.707317, 0.731707, 0.756098, 0.780488, 0.804878, 0.829268, 0.853659, 0.878049, 0.902439, 0.926829, 0.95122, 1
53, 0, 0.0243902, 0.0487805, 0.0731707, 0.097561, 0.121951, 0.146341, 0.170732, 0.195122, 0.219512, 0.243902, 0.268293, 0.292683, 0.317073, 0.341463, 0.365854, 0.390244, 0.414634, 0.439024, 0.463415, 0.487805, 0.512195, 0.536585, 0.560976, 0.585366, 0.609756, 0.634146, 0.658537, 0.682927, 0.707317, 0.731707, 0.756098, 0.780488, 0.804878, 0.829268, 0.853659, 0.878049, 0.902439, 0.926829, 0.95122, 1
54, 0, 0.0243902, 0.0487805, 0.0731707, 0.097561, 0.121951, 0.146341, 0.170732, 0.195122, 0.219512, 0.243902, 0.268293, 0.292683, 0.317073, 0.341463, 0.365854, 0.390244, 0.414634, 0.439024, 0.463415, 0.487805, 0.512195, 0.536585, 0.560976, 0.585366, 0.609756, 0.634146, 0.658537, 0.682927, 0.707317, 0.731707, 0.756098, 0.780488, 0.804878, 0.829268, 0.853659, 0.878049, 0.902439, 0.926829, 0.95122, 1
55, 0, 0.0243902, 0.0487805, 0.0731707, 0.097561, 0.121951, 0.146341, 0.170732, 0.195122, 0.219512, 0.243902, 0.268293, 0.292683, 0.317073, 0.341463, 0.365854, 0.390244, 0.414634, 0.439024, 0.463415, 0.487805, 0.512195, 0.536585, 0.560976, 0.585366, 0.609756, 0.634146, 0.658537, 0.682927, 0.707317, 0.731707, 0.756098, 0.780488, 0.804878, 0.829268, 0.853659, 0.878049, 0.902439, 0.926829, 0.95122, 1
56, 0, 0.0243902, 0.0487805, 0.0731707, 0.097561, 0.121951, 0.146341, 0.170732, 0.195122, 0.219512, 0.243902, 0.268293, 0.292683, 0.317073, 0.341463, 0.365854, 0.390244, 0.414634, 0.439024, 0.463415, 0.487805, 0.512195, 0.536585, 0.560976, 0.585366, 0.609756, 0.634146, 0.658537, 0.682927, 0.707317, 0.731707, 0.756098, 0.780488, 0.804878, 0.829268, 0.853659, 0.878049, 0.902439, 0.926829, 0.95122, 1
57, 0, 0.0243902, 0.0487805, 0.0731707, 0.097561, 0.121951, 0.146341, 0.170732, 0.195122, 0.219512, 0.243902, 0.268293, 0.292683, 0.317073, 0.341463, 0.365854, 0.390244, 0.414634, 0.439024, 0.463415, 0.487805, 0.512195, 0.536585, 0.560976, 0.585366, 0.609756, 0.634146, 0.658537, 0.682927, 0.707317, 0.731707, 0.756098, 0.780488, 0.804878, 0.829268, 0.853659, 0.878049, 0.902439, 0.926829, 0.95122, 1
58, 0, 0.0243902, 0.0487805, 0.0731707, 0.097561, 0.121951, 0.146341, 0.170732, 0.195122, 0.219512, 0.243902, 0.268293, 0.292683, 0.317073, 0.341463, 0.365854, 0.390244, 0.414634, 0.439024, 0.463415, 0.487805, 0.512195, 0.536585, 0.560976, 0.585366, 0.609756, 0.634146, 0.658537, 0.682927, 0.707317, 0.731707, 0.756098, 0.780488, 0.804878, 0.829268, 0.853659, 0.878049, 0.902439, 0.926829, 0.95122, 1
59, 0, 0.0243902, 0.0487805, 0.0731707, 0.097561, 0.121951, 0.146341, 0.170732, 0.195122, 0.219512, 0.243902, 0.268293, 0.292683, 0.317073, 0.341463, 0.365854, 0.390244, 0.414634, 0.439024, 0.463415, 0.487805, 0.512195, 0.536585, 0.560976, 0.585366, 0.609756, 0.634146, 0.658537, 0.682927, 0.707317, 0.731707, 0.756098, 0.780488, 0.804878, 0.829268, 0.853659, 0.878049, 0.902439, 0.926829, 0.95122, 1
60, 0, 0.0243902, 0.0487805, 0.0731707, 0.097561, 0.121951, 0.146341, 0.170732, 0.195122, 0.219512, 0.243902, 0.268293, 0.292683, 0.317073, 0.341463, 0.365854, 0.390244, 0.414634, 0.439024, 0.463415, 0.487805, 0.512195, 0.536585, 0.560976, 0.585366, 0.609756, 0.634146, 0.658537, 0.682927, 0.707317, 0.731707, 0.756098, 0.780488, 0.804878, 0.829268, 0.853659, 0.878049, 0.902439, 0.926829, 0.95122, 1
61, 0, 0.0243902, 0.0487805, 0.0731707, 0.097561, 0.121951, 0.146341, 0.170732, 0.195122, 0.219512, 0.243902, 0.268293, 0.292683, 0.317073, 0.341463, 0.365854, 0.390244, 0.414634, 0.439024, 0.463415, 0.487805, 0.512195, 0.536585, 0.560976, 0.585366, 0.609756, 0.634146, 0.658537, 0.682927, 0.707317, 0.731707, 0.756098, 0.780488, 0.804878, 0.829268, 0.853659, 0.878049, 0.902439, 0.926829, 0.95122, 1
62, 0, 0.0243902, 0.0487805, 0.0731707, 0.097561, 0.121951, 0.146341, 0.170732, 0.195122, 0.219512, 0.243902, 0.268293, 0.292683, 0.317073, 0.341463, 0.365854, 0.390244, 0.414634, 0.439024, 0.463415, 0.487805, 0.512195, 0.536585, 0.560976, 0.585366, 0.609756, 0.634146, 0.658537, 0.682927, 0.707317, 0.731707, 0.756098, 0.780488, 0.804878, 0.829268, 0.853659, 0.878049, 0.902439, 0.926829, 0.95122, 1
63, 0, 0.0243902, 0.0487805, 0.0731707, 0.097561, 0.121951, 0.146341, 0.170732, 0.195122, 0.219512, 0.243902, 0.268293, 0.292683, 0.317073, 0.341463, 0.365854, 0.390244, 0.414634, 0.439024, 0.463415, 0.487805, 0.512195, 0.536585, 0.560976, 0.585366, 0.609756, 0.634146, 0.658537, 0.682927, 0.707317, 0.731707, 0.756098, 0.780488, 0.804878, 0.829268, 0.853659, 0.878049, 0.902439, 0.926829, 0.95122, 1
64, 0, 0.0243902, 0.0487805, 0.0731707, 0.097561, 0.121951, 0.146341, 0.170732, 0.195122, 0.219512, 0.243902, 0.268293, 0.292683, 0.317073, 0.341463, 0.365854, 0.390244, 0.414634, 0.439024, 0.463415, 0.487805, 0.512195, 0.536585, 0.560976, 0.585366, 0.609756, 0.634146, 0.658537, 0.682927, 0.707317, 0.731707, 0.756098, 0.780488, 0.804878, 0.829268, 0.853659, 0.878049, 0.902439, 0.926829, 0.95122, 1
65, 0, 0.0243902, 0.0487805, 0.0731707, 0.097561, 0.121951, 0.146341, 0.170732, 0.195122, 0.219512, 0.243902, 0.268293, 0.292683, 0.317073, 0.341463, 0.365854, 0.390244, 0.414634, 0.439024, 0.463415, 0.487805, 0.512195, 0.536585, 0.560976, 0.585366, 0.609756, 0.634146, 0.658537, 0.682927, 0.707317, 0.731707, 0.756098, 0.780488, 0.804878, 0.829268, 0.853659, 0.878049, 0.902439, 0.926829, 0.95122, 1
66, 0, 0.0243902, 0.0487805, 0.0731707, 0.097561, 0.121951, 0.146341, 0.170732, 0.195122, 0.219512, 0.243902, 0.268293, 0.292683, 0.317073, 0.341463, 0.365854, 0.390244, 0.414634, 0.439024, 0.463415, 0.487805, 0.512195, 0.536585, 0.560976, 0.585366, 0.609756, 0.634146, 0.658537, 0.682927, 0.707317, 0.731707, 0.756098, 0.780488, 0.804878, 0.829268, 0.853659, 0.878049, 0.902439, 0.926829, 0.95122, 1
67, 0, 0.0243902, 0.0487805, 0.0731707, 0.097561, 0.121951, 0.146341, 0.170732, 0.195122, 0.219512, 0.243902, 0.268293, 0.292683, 0.317073, 0.341463, 0.365854, 0.390244, 0.414634, 0.439024, 0.463415, 0.487805, 0.512195, 0.536585, 0.560976, 0.585366, 0.609756, 0.634146, 0.658537, 0.682927, 0.707317, 0.731707, 0.756098, 0.780488, 0.804878, 0.829268, 0.853659, 0.878049, 0.902439, 0.926829, 0.95122, 1
68, 0, 0.0243902, 0.0487805, 0.0731707, 0.097561, 0.121951, 0.146341, 0.170732, 0.195122, 0.219512, 0.243902, 0.268293, 0.292683, 0.317073, 0.341463, 0.365854, 0.390244, 0.414634, 0.439024, 0.463415, 0.487805, 0.512195, 0.536585, 0.560976, 0.585366, 0.609756, 0.634146, 0.658537, 0.682927, 0.707317, 0.731707, 0.756098, 0.780488, 0.804878, 0.829268, 0.853659, 0.878049, 0.902439, 0.926829, 0.95122, 1
69, 0, 0.0243902, 0.0487805, 0.0731707, 0.097561, 0.121951, 0.146341, 0.170732, 0.195122, 0.219512, 0.243902, 0.268293, 0.292683, 0.317073, 0.341463, 0.365854, 0.390244, 0.414634, 0.439024, 0.463415, 0.487805, 0.512195, 0.536585, 0.560976, 0.585366, 0.609756, 0.634146, 0.658537, 0.682927, 0.707317, 0.731707, 0.756098, 0.780488, 0.804878, 0.829268, 0.853659, 0.878049, 0.902439, 0.926829, 0.95122, 1
70, 0, 0.0243902, 0.0487805, 0.0731707, 0.097561, 0.121951, 0.146341, 0.170732, 0.195122, 0.219512, 0.243902, 0.268293, 0.292683, 0.317073, 0.341463, 0.365854, 0.390244, 0.414634, 0.439024, 0.463415, 0.487805, 0.512195, 0.536585, 0.560976, 0.585366, 0.609756, 0.634146, 0.658537, 0.682927, 0.707317, 0.731707, 0.756098, 0.780488, 0.804878, 0.829268, 0.853659, 0.878049, 0.902439, 0.926829, 0.95122, 1
71, 0, 0.0243902, 0.0487805, 0.0731707, 0.097561, 0.121951, 0.146341, 0.170732, 0.195122, 0.219512, 0.243902, 0.268293, 0.292683, 0.317073, 0.341463, 0.365854, 0.390244, 0.414634, 0.439024, 0.463415, 0.487805, 0.512195, 0.536585, 0.560976, 0.585366, 0.609756, 0.634146, 0.658537, 0.682927, 0.707317, 0.731707, 0.756098, 0.780488, 0.804878, 0.829268, 0.853659, 0.878049, 0.902439, 0.926829, 0.95122, 1
72, 0, 0.0243902, 0.0487805, 0.0731707, 0.097561, 0.121951, 0.146341, 0.170732, 0.195122, 0.219512, 0.243902, 0.268293, 0.292683, 0.317073, 0.341463, 0.365854, 0.390244, 0.414634, 0.439024, 0.463415, 0.487805, 0.512195, 0.536585, 0.560976, 0.585366, 0.609756, 0.634146, 0.658537, 0.682927, 0.707317, 0.731707, 0.756098, 0.780488, 0.804878, 0.829268, 0.853659, 0.878049, 0.902439, 0.926829, 0.95122, 1
73, 0, 0.0243902, 0.0487805, 0.0731707, 0.097561, 0.121951, 0.146341, 0.170732, 0.195122, 0.219512, 0.243902, 0.268293, 0.292683, 0.317073, 0.341463, 0.365854, 0.390244, 0.414634, 0.439024, 0.463415, 0.487805, 0.512195, 0.536585, 0.560976, 0.585366, 0.609756, 0.634146, 0.658537, 0.682927, 0.707317, 0.731707, 0.756098, 0.780488, 0.804878, 0.829268, 0.853659, 0.878049, 0.902439, 0.926829, 0.95122, 1
74, 0, 0.0243902, 0.0487805, 0.0731707, 0.097561, 0.121951, 0.146341, 0.170732, 0.195122, 0.219512, 0.243902, 0.268293, 0.292683, 0.317073, 0.341463, 0.365854, 0.390244, 0.414634, 0.439024, 0.463415, 0.487805, 0.512195, 0.536585, 0.560976, 0.585366, 0.609756, 0.634146, 0.658537, 0.682927, 0.707317, 0.731707, 0.756098, 0.780488, 0.804878, 0.829268, 0.853659, 0.878049, 0.902439, 0.926829, 0.95122, 1
75, 0, 0.0243902, 0.0487805, 0.0731707, 0.097561, 0.121951, 0.146341, 0.170732, 0.195122, 0.219512, 0.243902, 0.268293, 0.292683, 0.317073, 0.341463, 0.365854, 0.390244, 0.414634, 0.439024, 0.463415, 0.487805, 0.512195, 0.536585, 0.560976, 0.585366, 0.609756, 0.634146, 0.658537, 0.682927, 0.707317, 0.731707, 0.756098, 0.780488, 0.804878, 0.829268, 0.853659, 0.878049, 0.902439, 0.926829, 0.95122, 1
76, 0, 0.0243902, 0.0487805, 0.0731707, 0.097561, 0.121951, 0.146341, 0.170732, 0.195122, 0.219512, 0.243902, 0.268293, 0.292683, 0.317073, 0.341463, 0.365854, 0.390244, 0.414634, 0.439024, 0.463415, 0.487805, 0.512195, 0.536585, 0.560976, 0.585366, 0.609756, 0.634146, 0.658537, 0.682927, 0.707317, 0.731707, 0.756098, 0.780488, 0.804878, 0.829268, 0.853659, 0.878049, 0.902439, 0.926829, 0.95122, 1
77, 0, 0.0243902, 0.0487805, 0.0731707, 0.097561, 0.121951, 0.146341, 0.170732, 0.195122, 0.219512, 0.243902, 0.268293, 0.292683, 0.317073, 0.341463, 0.365854, 0.390244, 0.414634, 0.439024, 0.463415, 0.487805, 0.512195, 0.536585, 0.560976, 0.585366, 0.609756, 0.634146, 0.658537, 0.682927, 0.707317, 0.731707, 0.756098, 0.780488, 0.804878, 0.829268, 0.853659, 0.878049, 0.902439, 0.926829, 0.95122, 1
78, 0, 0.0243902, 0.0487805, 0.0731707, 0.097561, 0.121951, 0.146341, 0.170732, 0.195122, 0.219512, 0.243902, 0.268293, 0.292683, 0.317073, 0.341463, 0.365854, 0.390244, 0.414634, 0.439024, 0.463415, 0.487805, 0.512195, 0.536585, 0.560976, 0.585366, 0.609756, 0.634146, 0.658537, 0.682927, 0.707317, 0.731707, 0.756098, 0.780488, 0.804878, 0.829268, 0.853659, 0.878049, 0.902439, 0.926829, 0.95122, 1
79, 0, 0.0243902, 0.0487805, 0.0731707, 0.097561, 0.121951, 0.146341, 0.170732, 0.195122, 0.219512, 0.243902, 0.268293, 0.292683, 0.317073, 0.341463, 0.365854, 0.390244, 0.414634, 0.439024, 0.463415, 0.487805, 0.512195, 0.536585, 0.560976, 0.585366, 0.609756, 0.634146, 0.658537, 0.682927, 0.707317, 0.731707, 0.756098, 0.780488, 0.804878, 0.829268, 0.853659, 0.878049, 0.902439, 0.926829, 0.95122, 1
80, 0, 0.0243902, 0.0487805, 0.0731707, 0.097561, 0.121951, 0.146341, 0.170732, 0.195122, 0.219512, 0.243902, 0.268293, 0.292683, 0.317073, 0.341463, 0.365854, 0.390244, 0.414634, 0.439024, 0.463415, 0.487805, 0.512195, 0.536585, 0.560976, 0.585366, 0.609756, 0.634146, 0.658537, 0.682927, 0.707317, 0.731707, 0.756098, 0.780488, 0.804878, 0.829268, 0.853659, 0.878049, 0.902439, 0.926829, 0.95122, 1
81, 0, 0.0243902, 0.0487805, 0.0731707, 0.097561, 0.121951, 0.146341, 0.170732, 0.195122, 0.219512, 0.243902, 0.268293, 0.292683, 0.317073, 0.341463, 0.365854, 0.390244, 0.414634, 0.439024, 0.463415, 0.487805, 0.512195, 0.536585, 0.560976, 0.585366, 0.609756, 0.634146, 0.658537, 0.682927, 0.707317, 0.731707, 0.756098, 0.780488, 0.804878, 0.829268, 0.853659, 0.878049, 0.902439, 0.926829, 0.95122, 1
82, 0, 0.0243902, 0.0487805, 0.0731707, 0.097561, 0.121951, 0.146341, 0.170732, 0.195122, 0.219512, 0.243902, 0.268293, 0.292683, 0.317073, 0.341463, 0.365854, 0.390244, 0.414634, 0.439024, 0.463415, 0.487805, 0.512195, 0.536585, 0.560976, 0.585366, 0.609756, 0.634146, 0.658537, 0.682927, 0.707317, 0.731707, 0.756098, 0.780488, 0.804878, 0.829268, 0.853659, 0.878049, 0.902439, 0.926829, 0.95122, 1
83, 0, 0.0243902, 0.0487805, 0.0731707, 0.097561, 0.121951, 0.146341, 0.170732, 0.195122, 0.219512, 0.243902, 0.268293, 0.292683, 0.317073, 0.341463, 0.365854, 0.390244, 0.414634, 0.439024, 0.463415, 0.487805, 0.512195, 0.536585, 0.560976, 0.585366, 0.609756, 0.634146, 0.658537, 0.682927, 0.707317, 0.731707, 0.756098, 0.780488, 0.804878, 0.829268, 0.853659, 0.878049, 0.902439, 0.926829, 0.95122, 1
84, 0, 0.0243902, 0.0487805, 0.0731707, 0.097561, 0.121951, 0.146341, 0.170732, 0.195122, 0.219512, 0.243902, 0.268293, 0.292683, 0.317073, 0.341463, 0.365854, 0.390244, 0.414634, 0.439024, 0.463415, 0.487805, 0.512195, 0.536585, 0.560976, 0.585366, 0.609756, 0.634146, 0.658537, 0.682927, 0.707317, 0.731707, 0.756098, 0.780488, 0.804878, 0.829268, 0.853659, 0.878049, 0.902439, 0.926829, 0.95122, 1
85, 0, 0.0243902, 0.0487805, 0.0731707, 0.097561, 0.121951, 0.146341, 0.170732, 0.195122, 0.219512, 0.243902, 0.268293, 0.292683, 0.317073, 0.341463, 0.365854, 0.390244, 0.414634, 0.439024, 0.463415, 0.487805, 0.512195, 0.536585, 0.560976, 0.585366, 0.609756, 0.634146, 0.658537, 0.682927, 0.707317, 0.731707, 0.756098, 0.780488, 0.804878, 0.829268, 0.853659, 0.878049, 0.902439, 0.926829, 0.95122, 1
86, 0, 0.0243902, 0.0487805, 0.0731707, 0.097561, 0.121951, 0.146341, 0.170732, 0.195122, 0.219512, 0.243902, 0.268293, 0.292683, 0.317073, 0.341463, 0.365854, 0.390244, 0.414634, 0.439024, 0.463415, 0.487805, 0.512195, 0.536585, 0.560976, 0.585366, 0.609756, 0.634146, 0.658537, 0.682927, 0.707317, 0.731707, 0.756098, 0.780488, 0.804878, 0.829268, 0.853659, 0.878049, 0.902439, 0.926829, 0.95122, 1
87, 0, 0.0243902, 0.0487805, 0.0731707, 0.097561, 0.121951, 0.146341, 0.170732, 0.195122, 0.219512, 0.243902, 0.268293, 0.292683, 0.317073, 0.341463, 0.365854, 0.390244, 0.414634, 0.439024, 0.463415, 0.487805, 0.512195, 0.536585, 0.560976, 0.585366, 0.609756, 0.634146, 0.658537, 0.682927, 0.707317, 0.731707, 0.756098, 0.780488, 0.804878, 0.829268, 0.853659, 0.878049, 0.902439, 0.926829, 0.95122, 1
88, 0, 0.0243902, 0.0487805, 0.0731707, 0.097561, 0.121951, 0.146341, 0.170732, 0.195122, 0.219512, 0.243902, 0.268293, 0.292683, 0.317073, 0.341463, 0.365854, 0.390244, 0.414634, 0.439024, 0.463415, 0.487805, 0.512195, 0.536585, 0.560976, 0.585366, 0.609756, 0.634146, 0.658537, 0.682927, 0.707317, 0.731707, 0.756098, 0.780488, 0.804878, 0.829268, 0.853659, 0.878049, 0.902439, 0.926829, 0.95122, 1
89, 0, 0.0243902, 0.0487805, 0.0731707, 0.097561, 0.121951, 0.146341, 0.170732, 0.195122, 0.219512, 0.243902, 0.268293, 0.292683, 0.317073, 0.341463, 0.365854, 0.390244, 0.414634, 0.439024, 0.463415, 0.487805, 0.512195, 0.536585, 0.560976, 0.585366, 0.609756, 0.634146, 0.658537, 0.682927, 0.707317, 0.731707, 0.756098, 0.780488, 0.804878, 0.829268, 0.853659, 0.878049, 0.902439, 0.926829, 0.95122, 1
90, 0, 0.0243902, 0.0487805, 0.0731707, 0.097561, 0.121951, 0.146341, 0.170732, 0.195122, 0.219512, 0.243902, 0.268293, 0.292683, 0.317073, 0.341463, 0.365854, 0.390244, 0.414634, 0.439024, 0.463415, 0.487805, 0.512195, 0.536585, 0.560976, 0.585366, 0.609756, 0.634146, 0.658537, 0.682927, 0.707317, 0.731707, 0.756098, 0.780488, 0.804878, 0.829268, 0.853659, 0.878049, 0.902439, 0.926829, 0.95122, 1
91, 0, 0.0243902, 0.0487805, 0.0731707, 0.097561, 0.121951, 0.146341, 0.170732, 0.195122, 0.219512, 0.243902, 0.268293, 0.292683, 0.317073, 0.341463, 0.365854, 0.390244, 0.414634, 0.439024, 0.463415, 0.487805, 0.512195, 0.536585, 0.560976, 0.585366, 0.609756, 0.634146, 0.658537, 0.682927, 0.707317, 0.731707, 0.756098, 0.780488, 0.804878, 0.829268, 0.853659, 0.878049, 0.902439, 0.926829, 0.95122, 1
92, 0, 0.0243902, 0.0487805, 0.0731707, 0.097561, 0.121951, 0.146341, 0.170732, 0.195122, 0.219512, 0.243902, 0.268293, 0.292683, 0.317073, 0.341463, 0.365854, 0.390244, 0.414634, 0.439024, 0.463415, 0.487805, 0.512195, 0.536585, 0.560976, 0.585366, 0.609756, 0.634146, 0.658537, 0.682927, 0.707317, 0.731707, 0.756098, 0.780488, 0.804878, 0.829268, 0.853659, 0.878049, 0.902439, 0.926829, 0.95122, 1
93, 0, 0.0243902, 0.0487805, 0.0731707, 0.097561, 0.121951, 0.146341, 0.170732, 0.195122, 0.219512, 0.243902, 0.268293, 0.292683, 0.317073, 0.341463, 0.365854, 0.390244, 0.414634, 0.439024, 0.463415, 0.487805, 0.512195, 0.536585, 0.560976, 0.585366, 0.609756, 0.634146, 0.658537, 0.682927, 0.707317, 0.731707, 0.756098, 0.780488, 0.804878, 0.829268, 0.853659, 0.878049, 0.902439, 0.926829, 0.95122, 1
94, 0, 0.0243902, 0.0487805, 0.0731707, 0.097561, 0.121951, 0.146341, 0.170732, 0.195122, 0.219512, 0.243902, 0.268293, 0.292683, 0.317073, 0.341463, 0.365854, 0.390244, 0.414634, 0.439024, 0.463415, 0.487805, 0.512195, 0.536585, 0.560976, 0.585366, 0.609756, 0.634146, 0.658537, 0.682927, 0.707317, 0.731707, 0.756098, 0.780488, 0.804878, 0.829268, 0.853659, 0.878049, 0.902439, 0.926829, 0.95122, 1
95, 0, 0.0243902, 0.0487805, 0.0731707, 0.097561, 0.121951, 0.146341, 0.170732, 0.195122, 0.219512, 0.243902, 0.268293, 0.292683, 0.317073, 0.341463, 0.365854, 0.390244, 0.414634, 0.439024, 0.463415, 0.487805, 0.512195, 0.536585, 0.560976, 0.585366, 0.609756, 0.634146, 0.658537, 0.682927, 0.707317, 0.731707, 0.756098, 0.780488, 0.804878, 0.829268, 0.853659, 0.878049, 0.902439, 0.926829, 0.95122, 1
96, 0, 0.0243902, 0.0487805, 0.0731707, 0.097561, 0.121951, 0.146341, 0.170732, 0.195122, 0.219512, 0.243902, 0.268293, 0.292683, 0.317073, 0.341463, 0.365854, 0.390244, 0.414634, 0.439024, 0.463415, 0.487805, 0.512195, 0.536585, 0.560976, 0.585366, 0.609756, 0.634146, 0.658537, 0.682927, 0.707317, 0.731707, 0.756098, 0.780488, 0.804878, 0.829268, 0.853659, 0.878049, 0.902439, 0.926829, 0.95122, 1
97, 0, 0.0243902, 0.0487805, 0.0731707, 0.097561, 0.121951, 0.146341, 0.170732, 0.195122, 0.219512, 0.243902, 0.268293, 0.292683, 0.317073, 0.341463, 0.365854, 0.390244, 0.414634, 0.439024, 0.463415, 0.487805, 0.512195, 0.536585, 0.560976, 0.585366, 0.609756, 0.634146, 0.658537, 0.682927, 0.707317, 0.731707, 0.756098, 0.780488, 0.804878, 0.829268, 0.853659, 0.878049, 0.902439, 0.926829, 0.95122, 1
98, 0, 0.0243902, 0.0487805, 0.0731707, 0.097561, 0.121951, 0.146341, 0.170732, 0.195122, 0.219512, 0.243902, 0.268293, 0.292683, 0.317073, 0.341463, 0.365854, 0.390244, 0.414634, 0.439024, 0.463415, 0.487805, 0.512195, 0.536585, 0.560976, 0.585366, 0.609756, 0.634146, 0.658537, 0.682927, 0.707317, 0.731707, 0.756098, 0.780488, 0.804878, 0.829268, 0.853659, 0.878049, 0.902439, 0.926829, 0.95122, 1
99, 0, 0.0243902, 0.0487805, 0.0731707, 0.097561, 0.121951, 0.146341, 0.170732, 0.195122, 0.219512, 0.243902, 0.268293, 0.292683, 0.317073, 0.341463, 0.365854, 0.390244, 0.414634, 0.439024, 0.463415, 0.487805, 0.512195, 0.536585, 0.560976, 0.585366, 0.609756, 0.634146, 0.658537, 0.682927, 0.707317, 0.731707, 0.756098, 0.780488, 0.804878, 0.829268, 0.853659, 0.878049, 0.902439, 0.926829, 0.95122, 1
100, 0, 0.0243902, 0.0487805, 0.0731707, 0.097561, 0.121951, 0.146341, 0.170732, 0.195122, 0.219512, 0.243902, 0.268293, 0.292683, 0.317073, 0.341463, 0.365854, 0.390244, 0.414634, 0.439024, 0.463415, 0.487805, 0.512195, 0.536585, 0.560976, 0.585366, 0.609756, 0.634146, 0.658537, 0.682927, 0.707317, 0.731707, 0.756098, 0.780488, 0.804878, 0.829268, 0.853659, 0.878049, 0.902439, 0.926829, 0.95122, 1
