No iterations: 900
Time (s), Position 1 (cm), Velocity 1 (cm s-1), Acceleration 1 (cm s-2), Position 2 (cm), Velocity 2 (cm s-1), Acceleration 2 (cm s-2)
0, 2, 2,1.8,7, -1,6
0.01, 2.02, 2.018,1.776,2.02, 2.06,5.976
0.02, 2.04018, 2.03576,1.75178,2.0406, 2.11976,5.95128
0.03, 2.06054, 2.05328,1.72736,2.0618, 2.17927,5.92584
0.04, 2.08107, 2.07055,1.70272,2.08359, 2.23853,5.89969
0.05, 2.10178, 2.08758,1.67787,2.10598, 2.29753,5.87283
0.06, 2.12265, 2.10436,1.65282,2.12895, 2.35626,5.84526
0.07, 2.1437, 2.12089,1.62757,2.15251, 2.41471,5.81698
0.08, 2.1649, 2.13716,1.60212,2.17666, 2.47288,5.78801
0.09, 2.18628, 2.15318,1.57647,2.20139, 2.53076,5.75833
0.1, 2.20781, 2.16895,1.55063,2.2267, 2.58834,5.72796
0.11, 2.2295, 2.18445,1.5246,2.25258, 2.64562,5.6969
0.12, 2.25134, 2.1997,1.49839,2.27904, 2.70259,5.66516
0.13, 2.27334, 2.21468,1.47199,2.30606, 2.75924,5.63273
0.14, 2.29549, 2.2294,1.44542,2.33365, 2.81557,5.59961
0.15, 2.31778, 2.24386,1.41866,2.36181, 2.87157,5.56583
0.16, 2.34022, 2.25804,1.39174,2.39053, 2.92722,5.53137
0.17, 2.3628, 2.27196,1.36464,2.4198, 2.98254,5.49624
0.18, 2.38552, 2.28561,1.33738,2.44962, 3.0375,5.46045
0.19, 2.40837, 2.29898,1.30995,2.48, 3.0921,5.424
0.2, 2.43136, 2.31208,1.28236,2.51092, 3.14634,5.3869
0.21, 2.45448, 2.3249,1.25462,2.54238, 3.20021,5.34914
0.22, 2.47773, 2.33745,1.22672,2.57439, 3.25371,5.31074
0.23, 2.50111, 2.34972,1.19867,2.60692, 3.30681,5.27169
0.24, 2.52461, 2.3617,1.17047,2.63999, 3.35953,5.23201
0.25, 2.54822, 2.37341,1.14213,2.67359, 3.41185,5.1917
0.26, 2.57196, 2.38483,1.11365,2.7077, 3.46377,5.15075
0.27, 2.5958, 2.39597,1.08503,2.74234, 3.51527,5.10919
0.28, 2.61976, 2.40682,1.05628,2.77749, 3.56637,5.06701
0.29, 2.64383, 2.41738,1.0274,2.81316, 3.61704,5.02421
0.3, 2.66801, 2.42765,0.998392,2.84933, 3.66728,4.98081
0.31, 2.69228, 2.43764,0.96926,2.886, 3.71709,4.9368
0.32, 2.71666, 2.44733,0.940009,2.92317, 3.76645,4.89219
0.33, 2.74113, 2.45673,0.910641,2.96084, 3.81538,4.847
0.34, 2.7657, 2.46584,0.88116,2.99899, 3.86385,4.80121
0.35, 2.79036, 2.47465,0.85157,3.03763, 3.91186,4.75485
0.36, 2.8151, 2.48316,0.821874,3.07675, 3.95941,4.7079
0.37, 2.83994, 2.49138,0.792076,3.11634, 4.00649,4.66039
0.38, 2.86485, 2.4993,0.762179,3.15641, 4.05309,4.61231
0.39, 2.88984, 2.50693,0.732188,3.19694, 4.09921,4.56367
0.4, 2.91491, 2.51425,0.702105,3.23793, 4.14485,4.51448
0.41, 2.94006, 2.52127,0.671934,3.27938, 4.18999,4.46475
0.42, 2.96527, 2.52799,0.641678,3.32128, 4.23464,4.41447
0.43, 2.99055, 2.53441,0.611342,3.36362, 4.27879,4.36365
0.44, 3.01589, 2.54052,0.58093,3.40641, 4.32242,4.31231
0.45, 3.0413, 2.54633,0.550444,3.44964, 4.36555,4.26044
0.46, 3.06676, 2.55183,0.519888,3.49329, 4.40815,4.20805
0.47, 3.09228, 2.55703,0.489266,3.53737, 4.45023,4.15515
0.48, 3.11785, 2.56192,0.458581,3.58188, 4.49178,4.10175
0.49, 3.14347, 2.56651,0.427838,3.62679, 4.5328,4.04785
0.5, 3.16913, 2.57079,0.39704,3.67212, 4.57328,3.99345
0.51, 3.19484, 2.57476,0.366191,3.71785, 4.61321,3.93857
0.52, 3.22059, 2.57842,0.335294,3.76399, 4.6526,3.88322
0.53, 3.24637, 2.58177,0.304352,3.81051, 4.69143,3.82738
0.54, 3.27219, 2.58482,0.273371,3.85743, 4.7297,3.77109
0.55, 3.29804, 2.58755,0.242353,3.90472, 4.76742,3.71433
0.56, 3.32391, 2.58997,0.211303,3.9524, 4.80456,3.65712
0.57, 3.34981, 2.59209,0.180223,4.00044, 4.84113,3.59947
0.58, 3.37573, 2.59389,0.149118,4.04886, 4.87712,3.54137
0.59, 3.40167, 2.59538,0.117991,4.09763, 4.91254,3.48285
0.6, 3.42763, 2.59656,0.0868469,4.14675, 4.94737,3.4239
0.61, 3.45359, 2.59743,0.0556881,4.19623, 4.98161,3.36453
0.62, 3.47957, 2.59799,0.024519,4.24604, 5.01525,3.30475
0.63, 3.50555, 2.59823,-0.00665702,4.29619, 5.0483,3.24457
0.64, 3.53153, 2.59816,-0.0378356,4.34668, 5.08074,3.18399
0.65, 3.55751, 2.59779,-0.0690136,4.39748, 5.11258,3.12302
0.66, 3.58349, 2.5971,-0.100187,4.44861, 5.14381,3.06167
0.67, 3.60946, 2.59609,-0.131352,4.50005, 5.17443,2.99994
0.68, 3.63542, 2.59478,-0.162505,4.55179, 5.20443,2.93785
0.69, 3.66137, 2.59316,-0.193643,4.60384, 5.23381,2.8754
0.7, 3.6873, 2.59122,-0.224761,4.65618, 5.26256,2.81259
0.71, 3.71321, 2.58897,-0.255855,4.7088, 5.29069,2.74944
0.72, 3.7391, 2.58641,-0.286923,4.76171, 5.31818,2.68595
0.73, 3.76497, 2.58354,-0.31796,4.81489, 5.34504,2.62213
0.74, 3.7908, 2.58036,-0.348962,4.86834, 5.37126,2.55799
0.75, 3.81661, 2.57687,-0.379927,4.92205, 5.39684,2.49354
0.76, 3.84237, 2.57308,-0.410849,4.97602, 5.42178,2.42878
0.77, 3.86811, 2.56897,-0.441726,5.03024, 5.44607,2.36371
0.78, 3.89379, 2.56455,-0.472554,5.0847, 5.4697,2.29836
0.79, 3.91944, 2.55982,-0.503328,5.1394, 5.49269,2.23272
0.8, 3.94504, 2.55479,-0.534046,5.19432, 5.51502,2.16681
0.81, 3.97059, 2.54945,-0.564704,5.24947, 5.53668,2.10063
0.82, 3.99608, 2.5438,-0.595297,5.30484, 5.55769,2.03419
0.83, 4.02152, 2.53785,-0.625822,5.36042, 5.57803,1.9675
0.84, 4.0469, 2.53159,-0.656277,5.4162, 5.59771,1.90056
0.85, 4.07221, 2.52503,-0.686656,5.47217, 5.61671,1.83339
0.86, 4.09746, 2.51816,-0.716956,5.52834, 5.63505,1.76599
0.87, 4.12265, 2.51099,-0.747175,5.58469, 5.65271,1.69837
0.88, 4.14776, 2.50352,-0.777306,5.64122, 5.66969,1.63054
0.89, 4.17279, 2.49575,-0.807349,5.69792, 5.68599,1.5625
0.9, 4.19775, 2.48767,-0.837297,5.75478, 5.70162,1.49427
0.91, 4.22262, 2.4793,-0.86715,5.81179, 5.71656,1.42585
0.92, 4.24742, 2.47063,-0.896901,5.86896, 5.73082,1.35725
0.93, 4.27212, 2.46166,-0.926549,5.92627, 5.74439,1.28848
0.94, 4.29674, 2.4524,-0.956089,5.98371, 5.75728,1.21955
0.95, 4.32126, 2.44283,-0.985517,6.04128, 5.76947,1.15046
0.96, 4.34569, 2.43298,-1.01483,6.09898, 5.78098,1.08123
0.97, 4.37002, 2.42283,-1.04403,6.15679, 5.79179,1.01186
0.98, 4.39425, 2.41239,-1.0731,6.21471, 5.80191,0.942353
0.99, 4.41837, 2.40166,-1.10205,6.27272, 5.81133,0.872731
1, 4.44239, 2.39064,-1.13087,6.33084, 5.82006,0.802995
1.01, 4.4663, 2.37933,-1.15956,6.38904, 5.82809,0.733154
1.02, 4.49009, 2.36774,-1.18811,6.44732, 5.83542,0.663217
1.03, 4.51377, 2.35585,-1.21652,6.50567, 5.84205,0.593192
1.04, 4.53733, 2.34369,-1.24479,6.56409, 5.84799,0.523087
1.05, 4.56076, 2.33124,-1.27292,6.62257, 5.85322,0.452911
1.06, 4.58408, 2.31851,-1.30089,6.68111, 5.85775,0.382673
1.07, 4.60726, 2.3055,-1.32871,6.73968, 5.86157,0.31238
1.08, 4.63032, 2.29222,-1.35638,6.7983, 5.8647,0.242041
1.09, 4.65324, 2.27865,-1.38389,6.85695, 5.86712,0.171665
1.1, 4.67603, 2.26481,-1.41123,6.91562, 5.86883,0.101259
1.11, 4.69867, 2.2507,-1.43841,6.97431, 5.86985,0.0308332
1.12, 4.72118, 2.23632,-1.46542,7.033, 5.87015,-0.0396051
1.13, 4.74354, 2.22166,-1.49225,7.09171, 5.86976,-0.110047
1.14, 4.76576, 2.20674,-1.51891,7.1504, 5.86866,-0.180484
1.15, 4.78783, 2.19155,-1.54539,7.20909, 5.86685,-0.250908
1.16, 4.80974, 2.1761,-1.57169,7.26776, 5.86434,-0.32131
1.17, 4.8315, 2.16038,-1.5978,7.3264, 5.86113,-0.391682
1.18, 4.85311, 2.1444,-1.62373,7.38501, 5.85721,-0.462016
1.19, 4.87455, 2.12816,-1.64946,7.44359, 5.85259,-0.532302
1.2, 4.89583, 2.11167,-1.675,7.50211, 5.84727,-0.602533
1.21, 4.91695, 2.09492,-1.70034,7.56058, 5.84125,-0.6727
1.22, 4.9379, 2.07792,-1.72548,7.619, 5.83452,-0.742795
1.23, 4.95868, 2.06066,-1.75041,7.67734, 5.82709,-0.81281
1.24, 4.97929, 2.04316,-1.77514,7.73561, 5.81896,-0.882735
1.25, 4.99972, 2.02541,-1.79966,7.7938, 5.81013,-0.952562
1.26, 5.01997, 2.00741,-1.82397,7.8519, 5.80061,-1.02228
1.27, 5.04004, 1.98917,-1.84805,7.90991, 5.79039,-1.09189
1.28, 5.05994, 1.97069,-1.87192,7.96781, 5.77947,-1.16138
1.29, 5.07964, 1.95197,-1.89557,8.02561, 5.76785,-1.23073
1.3, 5.09916, 1.93301,-1.919,8.08329, 5.75555,-1.29994
1.31, 5.11849, 1.91382,-1.94219,8.14084, 5.74255,-1.36901
1.32, 5.13763, 1.8944,-1.96516,8.19827, 5.72886,-1.43792
1.33, 5.15658, 1.87475,-1.98789,8.25556, 5.71448,-1.50667
1.34, 5.17532, 1.85487,-2.01039,8.3127, 5.69941,-1.57524
1.35, 5.19387, 1.83477,-2.03265,8.36969, 5.68366,-1.64363
1.36, 5.21222, 1.81444,-2.05466,8.42653, 5.66722,-1.71184
1.37, 5.23036, 1.7939,-2.07644,8.4832, 5.6501,-1.77984
1.38, 5.2483, 1.77313,-2.09796,8.5397, 5.63231,-1.84765
1.39, 5.26603, 1.75215,-2.11924,8.59603, 5.61383,-1.91523
1.4, 5.28356, 1.73096,-2.14027,8.65217, 5.59468,-1.9826
1.41, 5.30087, 1.70956,-2.16104,8.70811, 5.57485,-2.04974
1.42, 5.31796, 1.68795,-2.18155,8.76386, 5.55435,-2.11663
1.43, 5.33484, 1.66613,-2.20181,8.8194, 5.53319,-2.18329
1.44, 5.3515, 1.64411,-2.2218,8.87474, 5.51135,-2.24968
1.45, 5.36794, 1.62189,-2.24153,8.92985, 5.48886,-2.31582
1.46, 5.38416, 1.59948,-2.26099,8.98474, 5.4657,-2.38169
1.47, 5.40016, 1.57687,-2.28019,9.0394, 5.44188,-2.44728
1.48, 5.41593, 1.55407,-2.29911,9.09381, 5.41741,-2.51258
1.49, 5.43147, 1.53108,-2.31776,9.14799, 5.39228,-2.57759
1.5, 5.44678, 1.5079,-2.33613,9.20191, 5.36651,-2.64229
1.51, 5.46186, 1.48454,-2.35423,9.25558, 5.34008,-2.70669
1.52, 5.4767, 1.46099,-2.37204,9.30898, 5.31302,-2.77077
1.53, 5.49131, 1.43727,-2.38957,9.36211, 5.28531,-2.83453
1.54, 5.50568, 1.41338,-2.40682,9.41496, 5.25697,-2.89795
1.55, 5.51982, 1.38931,-2.42378,9.46753, 5.22799,-2.96104
1.56, 5.53371, 1.36507,-2.44045,9.51981, 5.19838,-3.02377
1.57, 5.54736, 1.34067,-2.45683,9.57179, 5.16814,-3.08615
1.58, 5.56077, 1.3161,-2.47292,9.62348, 5.13728,-3.14817
1.59, 5.57393, 1.29137,-2.48871,9.67485, 5.10579,-3.20982
1.6, 5.58684, 1.26648,-2.50421,9.72591, 5.0737,-3.27109
1.61, 5.59951, 1.24144,-2.51941,9.77664, 5.04099,-3.33197
1.62, 5.61192, 1.21625,-2.53431,9.82705, 5.00767,-3.39246
1.63, 5.62408, 1.1909,-2.5489,9.87713, 4.97374,-3.45256
1.64, 5.63599, 1.16542,-2.56319,9.92687, 4.93922,-3.51224
1.65, 5.64765, 1.13978,-2.57718,9.97626, 4.90409,-3.57151
1.66, 5.65905, 1.11401,-2.59085,10.0253, 4.86838,-3.63036
1.67, 5.67019, 1.0881,-2.60422,10.074, 4.83207,-3.68878
1.68, 5.68107, 1.06206,-2.61728,10.1223, 4.79519,-3.74677
1.69, 5.69169, 1.03589,-2.63002,10.1703, 4.75772,-3.80431
1.7, 5.70205, 1.00959,-2.64246,10.2178, 4.71968,-3.8614
1.71, 5.71214, 0.983163,-2.65457,10.265, 4.68106,-3.91804
1.72, 5.72197, 0.956617,-2.66637,10.3118, 4.64188,-3.97421
1.73, 5.73154, 0.929954,-2.67785,10.3583, 4.60214,-4.02991
1.74, 5.74084, 0.903175,-2.68901,10.4043, 4.56184,-4.08514
1.75, 5.74987, 0.876285,-2.69985,10.4499, 4.52099,-4.13988
1.76, 5.75863, 0.849287,-2.71036,10.4951, 4.47959,-4.19413
1.77, 5.76713, 0.822183,-2.72055,10.5399, 4.43765,-4.24789
1.78, 5.77535, 0.794978,-2.73042,10.5843, 4.39517,-4.30114
1.79, 5.7833, 0.767673,-2.73996,10.6282, 4.35216,-4.35388
1.8, 5.79098, 0.740274,-2.74917,10.6718, 4.30862,-4.40611
1.81, 5.79838, 0.712782,-2.75805,10.7148, 4.26456,-4.45781
1.82, 5.80551, 0.685202,-2.76661,10.7575, 4.21998,-4.50899
1.83, 5.81236, 0.657536,-2.77483,10.7997, 4.17489,-4.55962
1.84, 5.81893, 0.629787,-2.78272,10.8414, 4.12929,-4.60972
1.85, 5.82523, 0.60196,-2.79028,10.8827, 4.0832,-4.65927
1.86, 5.83125, 0.574057,-2.7975,10.9236, 4.0366,-4.70827
1.87, 5.83699, 0.546082,-2.80439,10.9639, 3.98952,-4.75671
1.88, 5.84245, 0.518038,-2.81094,11.0038, 3.94195,-4.80459
1.89, 5.84763, 0.489929,-2.81716,11.0432, 3.89391,-4.85189
1.9, 5.85253, 0.461757,-2.82304,11.0822, 3.84539,-4.89862
1.91, 5.85715, 0.433527,-2.82858,11.1206, 3.7964,-4.94476
1.92, 5.86148, 0.405241,-2.83378,11.1586, 3.74696,-4.99032
1.93, 5.86554, 0.376903,-2.83864,11.1961, 3.69705,-5.03528
1.94, 5.86931, 0.348517,-2.84317,11.233, 3.6467,-5.07965
1.95, 5.87279, 0.320085,-2.84735,11.2695, 3.5959,-5.12341
1.96, 5.87599, 0.291612,-2.85119,11.3055, 3.54467,-5.16656
1.97, 5.87891, 0.2631,-2.85469,11.3409, 3.493,-5.20909
1.98, 5.88154, 0.234553,-2.85785,11.3758, 3.44091,-5.25101
1.99, 5.88388, 0.205974,-2.86066,11.4103, 3.3884,-5.2923
2, 5.88594, 0.177368,-2.86313,11.4441, 3.33548,-5.33296
2.01, 5.88772, 0.148737,-2.86526,11.4775, 3.28215,-5.37299
2.02, 5.88921, 0.120084,-2.86705,11.5103, 3.22842,-5.41237
2.03, 5.89041, 0.0914135,-2.86849,11.5426, 3.1743,-5.45111
2.04, 5.89132, 0.0627286,-2.86958,11.5743, 3.11979,-5.48921
2.05, 5.89195, 0.0340327,-2.87034,11.6055, 3.06489,-5.52664
2.06, 5.89229, 0.00532937,-2.87075,11.6362, 3.00963,-5.56342
2.07, 5.89234, -0.0233781,-2.87081,11.6663, 2.95399,-5.59954
2.08, 5.89211, -0.0520862,-2.87053,11.6958, 2.898,-5.63498
2.09, 5.89159, -0.0807915,-2.8699,11.7248, 2.84165,-5.66976
2.1, 5.89078, -0.109491,-2.86893,11.7532, 2.78495,-5.70386
2.11, 5.88968, -0.13818,-2.86762,11.7811, 2.72791,-5.73728
2.12, 5.8883, -0.166856,-2.86596,11.8083, 2.67054,-5.77002
2.13, 5.88663, -0.195516,-2.86396,11.8351, 2.61284,-5.80206
2.14, 5.88468, -0.224155,-2.86161,11.8612, 2.55482,-5.83342
2.15, 5.88244, -0.252771,-2.85892,11.8867, 2.49648,-5.86407
2.16, 5.87991, -0.281361,-2.85589,11.9117, 2.43784,-5.89403
2.17, 5.8771, -0.30992,-2.85251,11.9361, 2.3789,-5.92329
2.18, 5.874, -0.338445,-2.8488,11.9599, 2.31967,-5.95183
2.19, 5.87061, -0.366933,-2.84473,11.9831, 2.26015,-5.97967
2.2, 5.86694, -0.39538,-2.84033,12.0057, 2.20035,-6.00679
2.21, 5.86299, -0.423783,-2.83559,12.0277, 2.14029,-6.0332
2.22, 5.85875, -0.452139,-2.8305,12.0491, 2.07995,-6.05888
2.23, 5.85423, -0.480444,-2.82508,12.0699, 2.01937,-6.08384
2.24, 5.84942, -0.508695,-2.81931,12.0901, 1.95853,-6.10807
2.25, 5.84434, -0.536888,-2.81321,12.1096, 1.89745,-6.13157
2.26, 5.83897, -0.56502,-2.80676,12.1286, 1.83613,-6.15434
2.27, 5.83332, -0.593088,-2.79998,12.147, 1.77459,-6.17638
2.28, 5.82739, -0.621088,-2.79287,12.1647, 1.71282,-6.19767
2.29, 5.82118, -0.649016,-2.78541,12.1819, 1.65085,-6.21822
2.3, 5.81469, -0.67687,-2.77762,12.1984, 1.58867,-6.23803
2.31, 5.80792, -0.704647,-2.7695,12.2142, 1.52628,-6.2571
2.32, 5.80087, -0.732342,-2.76105,12.2295, 1.46371,-6.27541
2.33, 5.79355, -0.759952,-2.75226,12.2441, 1.40096,-6.29298
2.34, 5.78595, -0.787475,-2.74314,12.2582, 1.33803,-6.30979
2.35, 5.77807, -0.814906,-2.73369,12.2715, 1.27493,-6.32585
2.36, 5.76993, -0.842243,-2.72391,12.2843, 1.21167,-6.34115
2.37, 5.7615, -0.869482,-2.7138,12.2964, 1.14826,-6.35568
2.38, 5.75281, -0.89662,-2.70337,12.3079, 1.08471,-6.36946
2.39, 5.74384, -0.923654,-2.69261,12.3187, 1.02101,-6.38248
2.4, 5.73461, -0.95058,-2.68153,12.3289, 0.957186,-6.39473
2.41, 5.7251, -0.977395,-2.67012,12.3385, 0.893238,-6.40622
2.42, 5.71533, -1.0041,-2.65839,12.3474, 0.829176,-6.41694
2.43, 5.70528, -1.03068,-2.64634,12.3557, 0.765007,-6.42689
2.44, 5.69498, -1.05714,-2.63397,12.3634, 0.700738,-6.43607
2.45, 5.68441, -1.08348,-2.62129,12.3704, 0.636377,-6.44448
2.46, 5.67357, -1.1097,-2.60829,12.3768, 0.571932,-6.45211
2.47, 5.66247, -1.13578,-2.59497,12.3825, 0.507411,-6.45898
2.48, 5.65112, -1.16173,-2.58134,12.3876, 0.442822,-6.46507
2.49, 5.6395, -1.18754,-2.5674,12.392, 0.378171,-6.47038
2.5, 5.62762, -1.21322,-2.55315,12.3958, 0.313467,-6.47492
2.51, 5.61549, -1.23875,-2.53859,12.3989, 0.248718,-6.47868
2.52, 5.6031, -1.26413,-2.52373,12.4014, 0.183931,-6.48166
2.53, 5.59046, -1.28937,-2.50856,12.4032, 0.119114,-6.48387
2.54, 5.57757, -1.31446,-2.49308,12.4044, 0.0542758,-6.4853
2.55, 5.56442, -1.33939,-2.47731,12.405, -0.0105772,-6.48595
2.56, 5.55103, -1.36416,-2.46124,12.4049, -0.0754367,-6.48583
2.57, 5.53739, -1.38877,-2.44487,12.4041, -0.140295,-6.48492
2.58, 5.5235, -1.41322,-2.4282,12.4027, -0.205144,-6.48324
2.59, 5.50937, -1.4375,-2.41124,12.4006, -0.269977,-6.48077
2.6, 5.49499, -1.46162,-2.39399,12.3979, -0.334784,-6.47753
2.61, 5.48038, -1.48556,-2.37645,12.3946, -0.39956,-6.47352
2.62, 5.46552, -1.50932,-2.35863,12.3906, -0.464295,-6.46872
2.63, 5.45043, -1.53291,-2.34051,12.386, -0.528982,-6.46315
2.64, 5.4351, -1.55631,-2.32212,12.3807, -0.593614,-6.4568
2.65, 5.41954, -1.57953,-2.30344,12.3747, -0.658182,-6.44968
2.66, 5.40374, -1.60257,-2.28449,12.3682, -0.722678,-6.44178
2.67, 5.38772, -1.62541,-2.26526,12.3609, -0.787096,-6.43311
2.68, 5.37146, -1.64806,-2.24575,12.3531, -0.851427,-6.42366
2.69, 5.35498, -1.67052,-2.22598,12.3445, -0.915664,-6.41345
2.7, 5.33828, -1.69278,-2.20593,12.3354, -0.979798,-6.40246
2.71, 5.32135, -1.71484,-2.18562,12.3256, -1.04382,-6.3907
2.72, 5.3042, -1.7367,-2.16504,12.3151, -1.10773,-6.37818
2.73, 5.28683, -1.75835,-2.1442,12.3041, -1.17151,-6.36488
2.74, 5.26925, -1.77979,-2.1231,12.2924, -1.23516,-6.35082
2.75, 5.25145, -1.80102,-2.10174,12.28, -1.29867,-6.336
2.76, 5.23344, -1.82204,-2.08013,12.267, -1.36203,-6.32042
2.77, 5.21522, -1.84284,-2.05827,12.2534, -1.42523,-6.30407
2.78, 5.19679, -1.86342,-2.03615,12.2391, -1.48827,-6.28697
2.79, 5.17816, -1.88378,-2.01379,12.2243, -1.55114,-6.26911
2.8, 5.15932, -1.90392,-1.99118,12.2087, -1.61383,-6.2505
2.81, 5.14028, -1.92383,-1.96834,12.1926, -1.67634,-6.23113
2.82, 5.12104, -1.94352,-1.94525,12.1758, -1.73865,-6.21102
2.83, 5.10161, -1.96297,-1.92193,12.1585, -1.80076,-6.19015
2.84, 5.08198, -1.98219,-1.89837,12.1405, -1.86266,-6.16854
2.85, 5.06216, -2.00117,-1.87459,12.1218, -1.92435,-6.14619
2.86, 5.04214, -2.01992,-1.85057,12.1026, -1.98581,-6.1231
2.87, 5.02195, -2.03842,-1.82633,12.0827, -2.04704,-6.09927
2.88, 5.00156, -2.05669,-1.80187,12.0623, -2.10803,-6.07471
2.89, 4.98099, -2.07471,-1.77719,12.0412, -2.16878,-6.04941
2.9, 4.96025, -2.09248,-1.7523,12.0195, -2.22927,-6.02338
2.91, 4.93932, -2.11,-1.72719,11.9972, -2.28951,-5.99663
2.92, 4.91822, -2.12727,-1.70187,11.9743, -2.34947,-5.96916
2.93, 4.89695, -2.14429,-1.67634,11.9508, -2.40917,-5.94096
2.94, 4.87551, -2.16105,-1.65061,11.9267, -2.46858,-5.91205
2.95, 4.8539, -2.17756,-1.62468,11.902, -2.5277,-5.88243
2.96, 4.83212, -2.19381,-1.59854,11.8767, -2.58652,-5.8521
2.97, 4.81018, -2.20979,-1.57222,11.8509, -2.64504,-5.82106
2.98, 4.78808, -2.22552,-1.5457,11.8244, -2.70325,-5.78932
2.99, 4.76583, -2.24097,-1.51899,11.7974, -2.76115,-5.75688
3, 4.74342, -2.25616,-1.4921,11.7698, -2.81871,-5.72375
3.01, 4.72086, -2.27108,-1.46503,11.7416, -2.87595,-5.68992
3.02, 4.69815, -2.28573,-1.43778,11.7128, -2.93285,-5.65541
3.03, 4.67529, -2.30011,-1.41035,11.6835, -2.98941,-5.62022
3.04, 4.65229, -2.31421,-1.38275,11.6536, -3.04561,-5.58434
3.05, 4.62915, -2.32804,-1.35498,11.6232, -3.10145,-5.5478
3.06, 4.60587, -2.34159,-1.32704,11.5921, -3.15693,-5.51058
3.07, 4.58245, -2.35486,-1.29894,11.5606, -3.21203,-5.4727
3.08, 4.5589, -2.36785,-1.27068,11.5285, -3.26676,-5.43415
3.09, 4.53522, -2.38056,-1.24227,11.4958, -3.3211,-5.39495
3.1, 4.51142, -2.39298,-1.2137,11.4626, -3.37505,-5.3551
3.11, 4.48749, -2.40512,-1.18499,11.4288, -3.4286,-5.3146
3.12, 4.46344, -2.41697,-1.15612,11.3945, -3.48175,-5.27345
3.13, 4.43927, -2.42853,-1.12712,11.3597, -3.53448,-5.23167
3.14, 4.41498, -2.4398,-1.09798,11.3244, -3.5868,-5.18926
3.15, 4.39058, -2.45078,-1.0687,11.2885, -3.63869,-5.14622
3.16, 4.36608, -2.46147,-1.03929,11.2521, -3.69016,-5.10255
3.17, 4.34146, -2.47186,-1.00975,11.2152, -3.74118,-5.05827
3.18, 4.31674, -2.48196,-0.980091,11.1778, -3.79176,-5.01338
3.19, 4.29192, -2.49176,-0.950307,11.1399, -3.8419,-4.96788
3.2, 4.26701, -2.50126,-0.920406,11.1015, -3.89158,-4.92177
3.21, 4.24199, -2.51047,-0.890391,11.0626, -3.94079,-4.87507
3.22, 4.21689, -2.51937,-0.860266,11.0232, -3.98955,-4.82779
3.23, 4.19169, -2.52797,-0.830033,10.9833, -4.03782,-4.77991
3.24, 4.16641, -2.53627,-0.799697,10.9429, -4.08562,-4.73146
3.25, 4.14105, -2.54427,-0.769262,10.902, -4.13294,-4.68243
3.26, 4.11561, -2.55196,-0.738731,10.8607, -4.17976,-4.63283
3.27, 4.09009, -2.55935,-0.708107,10.8189, -4.22609,-4.58268
3.28, 4.0645, -2.56643,-0.677395,10.7766, -4.27192,-4.53196
3.29, 4.03883, -2.5732,-0.646598,10.7339, -4.31724,-4.4807
3.3, 4.0131, -2.57967,-0.61572,10.6907, -4.36204,-4.42889
3.31, 3.9873, -2.58583,-0.584763,10.6471, -4.40633,-4.37655
3.32, 3.96144, -2.59168,-0.553734,10.6031, -4.4501,-4.32367
3.33, 3.93553, -2.59721,-0.522633,10.5586, -4.49333,-4.27027
3.34, 3.90956, -2.60244,-0.491467,10.5136, -4.53604,-4.21635
3.35, 3.88353, -2.60735,-0.460238,10.4683, -4.5782,-4.16192
3.36, 3.85746, -2.61196,-0.428949,10.4225, -4.61982,-4.10698
3.37, 3.83134, -2.61625,-0.397606,10.3763, -4.66089,-4.05154
3.38, 3.80518, -2.62022,-0.366211,10.3297, -4.7014,-3.99561
3.39, 3.77897, -2.62388,-0.334768,10.2827, -4.74136,-3.9392
3.4, 3.75273, -2.62723,-0.303282,10.2352, -4.78075,-3.8823
3.41, 3.72646, -2.63026,-0.271755,10.1874, -4.81958,-3.82493
3.42, 3.70016, -2.63298,-0.240192,10.1392, -4.85782,-3.7671
3.43, 3.67383, -2.63538,-0.208596,10.0907, -4.8955,-3.7088
3.44, 3.64748, -2.63747,-0.176971,10.0417, -4.93258,-3.65006
3.45, 3.6211, -2.63924,-0.145322,9.99239, -4.96908,-3.59086
3.46, 3.59471, -2.64069,-0.113651,9.9427, -5.00499,-3.53124
3.47, 3.5683, -2.64183,-0.0819623,9.89265, -5.04031,-3.47118
3.48, 3.54188, -2.64265,-0.0502604,9.84224, -5.07502,-3.41069
3.49, 3.51546, -2.64315,-0.0185486,9.79149, -5.10912,-3.34979
3.5, 3.48903, -2.64334,0.0131693,9.7404, -5.14262,-3.28848
3.51, 3.46259, -2.64321,0.0448892,9.68898, -5.17551,-3.22677
3.52, 3.43616, -2.64276,0.0766076,9.63722, -5.20777,-3.16466
3.53, 3.40973, -2.64199,0.108321,9.58514, -5.23942,-3.10217
3.54, 3.38331, -2.64091,0.140025,9.53275, -5.27044,-3.0393
3.55, 3.3569, -2.63951,0.171715,9.48004, -5.30084,-2.97605
3.56, 3.33051, -2.63779,0.20339,9.42704, -5.3306,-2.91244
3.57, 3.30413, -2.63576,0.235043,9.37373, -5.35972,-2.84848
3.58, 3.27777, -2.63341,0.266672,9.32013, -5.38821,-2.78416
3.59, 3.25144, -2.63074,0.298273,9.26625, -5.41605,-2.7195
3.6, 3.22513, -2.62776,0.329842,9.21209, -5.44324,-2.65451
3.61, 3.19885, -2.62446,0.361375,9.15766, -5.46979,-2.58919
3.62, 3.17261, -2.62084,0.392869,9.10296, -5.49568,-2.52355
3.63, 3.1464, -2.61692,0.424319,9.048, -5.52091,-2.4576
3.64, 3.12023, -2.61267,0.455721,8.99279, -5.54549,-2.39135
3.65, 3.09411, -2.60811,0.487074,8.93734, -5.5694,-2.32481
3.66, 3.06802, -2.60324,0.518371,8.88164, -5.59265,-2.25797
3.67, 3.04199, -2.59806,0.54961,8.82572, -5.61523,-2.19086
3.68, 3.01601, -2.59256,0.580787,8.76957, -5.63714,-2.12348
3.69, 2.99009, -2.58676,0.611897,8.71319, -5.65838,-2.05583
3.7, 2.96422, -2.58064,0.642938,8.65661, -5.67893,-1.98793
3.71, 2.93841, -2.57421,0.673906,8.59982, -5.69881,-1.91979
3.72, 2.91267, -2.56747,0.704797,8.54283, -5.71801,-1.8514
3.73, 2.88699, -2.56042,0.735606,8.48565, -5.73652,-1.78278
3.74, 2.86139, -2.55306,0.766331,8.42829, -5.75435,-1.71395
3.75, 2.83586, -2.5454,0.796968,8.37074, -5.77149,-1.64489
3.76, 2.81041, -2.53743,0.827513,8.31303, -5.78794,-1.57564
3.77, 2.78503, -2.52916,0.857962,8.25515, -5.8037,-1.50618
3.78, 2.75974, -2.52058,0.888312,8.19711, -5.81876,-1.43654
3.79, 2.73453, -2.51169,0.918559,8.13893, -5.83312,-1.36671
3.8, 2.70942, -2.50251,0.948699,8.08059, -5.84679,-1.29671
3.81, 2.68439, -2.49302,0.97873,8.02213, -5.85976,-1.22655
3.82, 2.65946, -2.48323,1.00865,7.96353, -5.87202,-1.15623
3.83, 2.63463, -2.47315,1.03844,7.90481, -5.88359,-1.08577
3.84, 2.6099, -2.46276,1.06812,7.84597, -5.89444,-1.01517
3.85, 2.58527, -2.45208,1.09768,7.78703, -5.9046,-0.944434
3.86, 2.56075, -2.44111,1.1271,7.72798, -5.91404,-0.873579
3.87, 2.53634, -2.42983,1.15639,7.66884, -5.92278,-0.80261
3.88, 2.51204, -2.41827,1.18555,7.60961, -5.9308,-0.731537
3.89, 2.48786, -2.40641,1.21457,7.55031, -5.93812,-0.660368
3.9, 2.46379, -2.39427,1.24345,7.49093, -5.94472,-0.58911
3.91, 2.43985, -2.38183,1.27218,7.43148, -5.95061,-0.517774
3.92, 2.41603, -2.36911,1.30076,7.37197, -5.95579,-0.446366
3.93, 2.39234, -2.35611,1.32919,7.31241, -5.96025,-0.374896
3.94, 2.36878, -2.34281,1.35746,7.25281, -5.964,-0.303374
3.95, 2.34535, -2.32924,1.38558,7.19317, -5.96704,-0.231806
3.96, 2.32206, -2.31538,1.41353,7.1335, -5.96935,-0.160201
3.97, 2.29891, -2.30125,1.44131,7.07381, -5.97096,-0.0885687
3.98, 2.27589, -2.28683,1.46893,7.0141, -5.97184,-0.0169172
3.99, 2.25303, -2.27215,1.49637,6.95438, -5.97201,0.0547445
4, 2.2303, -2.25718,1.52364,6.89466, -5.97146,0.126409
4.01, 2.20773, -2.24195,1.55072,6.83494, -5.9702,0.198066
4.02, 2.18531, -2.22644,1.57763,6.77524, -5.96822,0.269709
4.03, 2.16305, -2.21066,1.60434,6.71556, -5.96552,0.341327
4.04, 2.14094, -2.19462,1.63087,6.65591, -5.96211,0.412914
4.05, 2.119, -2.17831,1.65721,6.59628, -5.95798,0.484459
4.06, 2.09721, -2.16174,1.68335,6.5367, -5.95314,0.555955
4.07, 2.07559, -2.1449,1.70929,6.47717, -5.94758,0.627393
4.08, 2.05415, -2.12781,1.73503,6.4177, -5.9413,0.698763
4.09, 2.03287, -2.11046,1.76056,6.35828, -5.93431,0.770059
4.1, 2.01176, -2.09286,1.78588,6.29894, -5.92661,0.841271
4.11, 1.99083, -2.075,1.811,6.23967, -5.9182,0.91239
4.12, 1.97008, -2.05689,1.8359,6.18049, -5.90908,0.983409
4.13, 1.94952, -2.03853,1.86058,6.1214, -5.89924,1.05432
4.14, 1.92913, -2.01992,1.88504,6.06241, -5.8887,1.12511
4.15, 1.90893, -2.00107,1.90928,6.00352, -5.87745,1.19577
4.16, 1.88892, -1.98198,1.9333,5.94475, -5.86549,1.2663
4.17, 1.8691, -1.96265,1.95708,5.88609, -5.85283,1.33669
4.18, 1.84947, -1.94307,1.98063,5.82757, -5.83946,1.40692
4.19, 1.83004, -1.92327,2.00395,5.76917, -5.82539,1.477
4.2, 1.81081, -1.90323,2.02703,5.71092, -5.81062,1.5469
4.21, 1.79178, -1.88296,2.04987,5.65281, -5.79515,1.61663
4.22, 1.77295, -1.86246,2.07246,5.59486, -5.77899,1.68617
4.23, 1.75432, -1.84174,2.09481,5.53707, -5.76212,1.75552
4.24, 1.73591, -1.82079,2.11691,5.47945, -5.74457,1.82466
4.25, 1.7177, -1.79962,2.13876,5.422, -5.72632,1.8936
4.26, 1.6997, -1.77823,2.16036,5.36474, -5.70739,1.96231
4.27, 1.68192, -1.75663,2.1817,5.30766, -5.68776,2.0308
4.28, 1.66435, -1.73481,2.20278,5.25079, -5.66746,2.09906
4.29, 1.64701, -1.71278,2.22359,5.19411, -5.64647,2.16706
4.3, 1.62988, -1.69055,2.24415,5.13765, -5.62479,2.23482
4.31, 1.61297, -1.6681,2.26443,5.0814, -5.60245,2.30232
4.32, 1.59629, -1.64546,2.28445,5.02538, -5.57942,2.36955
4.33, 1.57984, -1.62262,2.3042,4.96958, -5.55573,2.4365
4.34, 1.56361, -1.59957,2.32367,4.91402, -5.53136,2.50317
4.35, 1.54762, -1.57634,2.34286,4.85871, -5.50633,2.56955
4.36, 1.53185, -1.55291,2.36178,4.80365, -5.48064,2.63562
4.37, 1.51632, -1.52929,2.38041,4.74884, -5.45428,2.70139
4.38, 1.50103, -1.50549,2.39876,4.6943, -5.42727,2.76684
4.39, 1.48598, -1.4815,2.41683,4.64003, -5.3996,2.83197
4.4, 1.47116, -1.45733,2.43461,4.58603, -5.37128,2.89676
4.41, 1.45659, -1.43298,2.4521,4.53232, -5.34231,2.96122
4.42, 1.44226, -1.40846,2.46929,4.47889, -5.3127,3.02533
4.43, 1.42817, -1.38377,2.48619,4.42577, -5.28244,3.08908
4.44, 1.41433, -1.35891,2.5028,4.37294, -5.25155,3.15247
4.45, 1.40075, -1.33388,2.51911,4.32043, -5.22003,3.21549
4.46, 1.38741, -1.30869,2.53511,4.26823, -5.18787,3.27813
4.47, 1.37432, -1.28334,2.55082,4.21635, -5.15509,3.34038
4.48, 1.36149, -1.25783,2.56622,4.1648, -5.12169,3.40224
4.49, 1.34891, -1.23217,2.58131,4.11358, -5.08767,3.4637
4.5, 1.33659, -1.20636,2.5961,4.0627, -5.05303,3.52476
4.51, 1.32452, -1.18039,2.61057,4.01217, -5.01778,3.58539
4.52, 1.31272, -1.15429,2.62474,3.96199, -4.98193,3.64561
4.53, 1.30118, -1.12804,2.63859,3.91218, -4.94547,3.70539
4.54, 1.2899, -1.10166,2.65213,3.86272, -4.90842,3.76474
4.55, 1.27888, -1.07513,2.66535,3.81364, -4.87077,3.82364
4.56, 1.26813, -1.04848,2.67825,3.76493, -4.83253,3.88209
4.57, 1.25764, -1.0217,2.69083,3.7166, -4.79371,3.94008
4.58, 1.24743, -0.99479,2.70309,3.66867, -4.75431,3.9976
4.59, 1.23748, -0.967759,2.71503,3.62112, -4.71434,4.05465
4.6, 1.2278, -0.940609,2.72664,3.57398, -4.67379,4.11122
4.61, 1.21839, -0.913343,2.73793,3.52724, -4.63268,4.16731
4.62, 1.20926, -0.885963,2.74889,3.48092, -4.591,4.2229
4.63, 1.2004, -0.858474,2.75952,3.43501, -4.54878,4.27799
4.64, 1.19182, -0.830879,2.76982,3.38952, -4.506,4.33258
4.65, 1.18351, -0.803181,2.77979,3.34446, -4.46267,4.38665
4.66, 1.17548, -0.775383,2.78943,3.29983, -4.4188,4.4402
4.67, 1.16772, -0.747489,2.79873,3.25564, -4.3744,4.49323
4.68, 1.16025, -0.719502,2.8077,3.2119, -4.32947,4.54572
4.69, 1.15305, -0.691424,2.81634,3.1686, -4.28401,4.59768
4.7, 1.14614, -0.663261,2.82463,3.12576, -4.23804,4.64908
4.71, 1.13951, -0.635015,2.83259,3.08338, -4.19154,4.69994
4.72, 1.13316, -0.606689,2.84021,3.04147, -4.14454,4.75024
4.73, 1.12709, -0.578287,2.84749,3.00002, -4.09704,4.79997
4.74, 1.12131, -0.549812,2.85443,2.95905, -4.04904,4.84914
4.75, 1.11581, -0.521267,2.86103,2.91856, -4.00055,4.89773
4.76, 1.11059, -0.492657,2.86729,2.87856, -3.95157,4.94573
4.77, 1.10567, -0.463984,2.8732,2.83904, -3.90212,4.99315
4.78, 1.10103, -0.435252,2.87877,2.80002, -3.85219,5.03998
4.79, 1.09668, -0.406465,2.88399,2.7615, -3.80179,5.0862
4.8, 1.09261, -0.377625,2.88887,2.72348, -3.75092,5.13182
4.81, 1.08883, -0.348736,2.8934,2.68597, -3.69961,5.17684
4.82, 1.08535, -0.319802,2.89758,2.64897, -3.64784,5.22123
4.83, 1.08215, -0.290826,2.90142,2.6125, -3.59562,5.265
4.84, 1.07924, -0.261812,2.90491,2.57654, -3.54297,5.30815
4.85, 1.07662, -0.232763,2.90805,2.54111, -3.48989,5.35067
4.86, 1.0743, -0.203682,2.91085,2.50621, -3.43639,5.39255
4.87, 1.07226, -0.174574,2.91329,2.47185, -3.38246,5.43378
4.88, 1.07051, -0.145441,2.91538,2.43802, -3.32812,5.47437
4.89, 1.06906, -0.116287,2.91713,2.40474, -3.27338,5.51431
4.9, 1.0679, -0.0871159,2.91853,2.37201, -3.21824,5.55359
4.91, 1.06702, -0.0579306,2.91957,2.33983, -3.1627,5.59221
4.92, 1.06645, -0.0287349,2.92027,2.3082, -3.10678,5.63016
4.93, 1.06616, 0.000467745,2.92061,2.27713, -3.05048,5.66744
4.94, 1.06616, 0.0296739,2.9206,2.24663, -2.9938,5.70405
4.95, 1.06646, 0.0588799,2.92025,2.21669, -2.93676,5.73997
4.96, 1.06705, 0.0880824,2.91954,2.18732, -2.87936,5.77522
4.97, 1.06793, 0.117278,2.91849,2.15853, -2.82161,5.80977
4.98, 1.0691, 0.146463,2.91708,2.13031, -2.76351,5.84363
4.99, 1.07057, 0.175633,2.91532,2.10268, -2.70508,5.87679
5, 1.07232, 0.204787,2.91321,2.07562, -2.64631,5.90925
5.01, 1.07437, 0.233919,2.91076,2.04916, -2.58722,5.94101
5.02, 1.07671, 0.263026,2.90795,2.02329, -2.52781,5.97205
5.03, 1.07934, 0.292106,2.90479,1.99801, -2.46808,6.00239
5.04, 1.08226, 0.321154,2.90129,1.97333, -2.40806,6.032
5.05, 1.08547, 0.350167,2.89743,1.94925, -2.34774,6.0609
5.06, 1.08897, 0.379141,2.89323,1.92577, -2.28713,6.08907
5.07, 1.09277, 0.408073,2.88868,1.9029, -2.22624,6.11652
5.08, 1.09685, 0.43696,2.88378,1.88064, -2.16508,6.14323
5.09, 1.10122, 0.465798,2.87854,1.85899, -2.10364,6.16921
5.1, 1.10587, 0.494583,2.87295,1.83795, -2.04195,6.19446
5.11, 1.11082, 0.523313,2.86702,1.81753, -1.98001,6.21896
5.12, 1.11605, 0.551983,2.86074,1.79773, -1.91782,6.24272
5.13, 1.12157, 0.58059,2.85411,1.77855, -1.85539,6.26574
5.14, 1.12738, 0.609132,2.84715,1.76, -1.79273,6.288
5.15, 1.13347, 0.637603,2.83984,1.74207, -1.72985,6.30951
5.16, 1.13985, 0.666001,2.83219,1.72477, -1.66676,6.33027
5.17, 1.14651, 0.694323,2.82419,1.70811, -1.60345,6.35027
5.18, 1.15345, 0.722565,2.81586,1.69207, -1.53995,6.36951
5.19, 1.16067, 0.750724,2.80719,1.67667, -1.47626,6.38799
5.2, 1.16818, 0.778796,2.79818,1.66191, -1.41238,6.40571
5.21, 1.17597, 0.806777,2.78884,1.64779, -1.34832,6.42266
5.22, 1.18404, 0.834666,2.77915,1.6343, -1.28409,6.43884
5.23, 1.19238, 0.862457,2.76914,1.62146, -1.21971,6.45425
5.24, 1.20101, 0.890149,2.75879,1.60926, -1.15516,6.46888
5.25, 1.20991, 0.917737,2.74811,1.59771, -1.09047,6.48274
5.26, 1.21909, 0.945218,2.73709,1.58681, -1.02565,6.49583
5.27, 1.22854, 0.972589,2.72575,1.57655, -0.960688,6.50814
5.28, 1.23827, 0.999846,2.71408,1.56695, -0.895607,6.51967
5.29, 1.24826, 1.02699,2.70208,1.55799, -0.83041,6.53041
5.3, 1.25853, 1.05401,2.68976,1.54969, -0.765106,6.54038
5.31, 1.26907, 1.08091,2.67711,1.54203, -0.699702,6.54956
5.32, 1.27988, 1.10768,2.66414,1.53504, -0.634207,6.55796
5.33, 1.29096, 1.13432,2.65085,1.52869, -0.568627,6.56557
5.34, 1.3023, 1.16083,2.63724,1.52301, -0.502971,6.57239
5.35, 1.31391, 1.1872,2.62331,1.51798, -0.437248,6.57843
5.36, 1.32578, 1.21343,2.60906,1.51361, -0.371463,6.58367
5.37, 1.33792, 1.23952,2.5945,1.50989, -0.305627,6.58813
5.38, 1.35031, 1.26547,2.57962,1.50684, -0.239745,6.5918
5.39, 1.36297, 1.29126,2.56444,1.50444, -0.173827,6.59467
5.4, 1.37588, 1.31691,2.54894,1.5027, -0.107881,6.59676
5.41, 1.38905, 1.3424,2.53314,1.50162, -0.0419129,6.59805
5.42, 1.40247, 1.36773,2.51703,1.5012, 0.0240676,6.59856
5.43, 1.41615, 1.3929,2.50062,1.50144, 0.0900532,6.59827
5.44, 1.43008, 1.41791,2.4839,1.50234, 0.156036,6.59719
5.45, 1.44426, 1.44274,2.46689,1.5039, 0.222008,6.59532
5.46, 1.45869, 1.46741,2.44958,1.50612, 0.287961,6.59265
5.47, 1.47336, 1.49191,2.43197,1.509, 0.353887,6.5892
5.48, 1.48828, 1.51623,2.41406,1.51254, 0.419779,6.58495
5.49, 1.50344, 1.54037,2.39587,1.51674, 0.485629,6.57991
5.5, 1.51885, 1.56433,2.37739,1.5216, 0.551428,6.57409
5.51, 1.53449, 1.5881,2.35861,1.52711, 0.617169,6.56747
5.52, 1.55037, 1.61169,2.33956,1.53328, 0.682844,6.56006
5.53, 1.56649, 1.63508,2.32022,1.54011, 0.748444,6.55187
5.54, 1.58284, 1.65829,2.3006,1.54759, 0.813963,6.54289
5.55, 1.59942, 1.68129,2.2807,1.55573, 0.879392,6.53312
5.56, 1.61623, 1.7041,2.26052,1.56453, 0.944723,6.52257
5.57, 1.63327, 1.7267,2.24007,1.57398, 1.00995,6.51123
5.58, 1.65054, 1.7491,2.21935,1.58408, 1.07506,6.49911
5.59, 1.66803, 1.7713,2.19836,1.59483, 1.14005,6.48621
5.6, 1.68575, 1.79328,2.17711,1.60623, 1.20491,6.47253
5.61, 1.70368, 1.81505,2.15559,1.61828, 1.26964,6.45807
5.62, 1.72183, 1.83661,2.13381,1.63097, 1.33422,6.44283
5.63, 1.74019, 1.85795,2.11177,1.64431, 1.39865,6.42682
5.64, 1.75877, 1.87906,2.08947,1.6583, 1.46292,6.41004
5.65, 1.77756, 1.89996,2.06692,1.67293, 1.52702,6.39248
5.66, 1.79656, 1.92063,2.04412,1.6882, 1.59094,6.37416
5.67, 1.81577, 1.94107,2.02108,1.70411, 1.65468,6.35507
5.68, 1.83518, 1.96128,1.99778,1.72066, 1.71823,6.33521
5.69, 1.85479, 1.98126,1.97425,1.73784, 1.78159,6.31459
5.7, 1.87461, 2.001,1.95047,1.75565, 1.84473,6.29322
5.71, 1.89462, 2.02051,1.92646,1.7741, 1.90766,6.27108
5.72, 1.91482, 2.03977,1.90221,1.79318, 1.97038,6.24819
5.73, 1.93522, 2.05879,1.87774,1.81288, 2.03286,6.22454
5.74, 1.95581, 2.07757,1.85303,1.83321, 2.0951,6.20015
5.75, 1.97658, 2.0961,1.8281,1.85416, 2.1571,6.17501
5.76, 1.99754, 2.11438,1.80295,1.87573, 2.21885,6.14912
5.77, 2.01869, 2.13241,1.77757,1.89792, 2.28035,6.12249
5.78, 2.04001, 2.15019,1.75199,1.92072, 2.34157,6.09513
5.79, 2.06151, 2.16771,1.72618,1.94414, 2.40252,6.06703
5.8, 2.08319, 2.18497,1.70017,1.96817, 2.46319,6.0382
5.81, 2.10504, 2.20197,1.67395,1.9928, 2.52357,6.00864
5.82, 2.12706, 2.21871,1.64753,2.01803, 2.58366,5.97836
5.83, 2.14925, 2.23518,1.6209,2.04387, 2.64344,5.94736
5.84, 2.1716, 2.25139,1.59408,2.0703, 2.70292,5.91563
5.85, 2.19411, 2.26733,1.56706,2.09733, 2.76207,5.8832
5.86, 2.21679, 2.283,1.53986,2.12495, 2.82091,5.85006
5.87, 2.23962, 2.2984,1.51246,2.15316, 2.87941,5.8162
5.88, 2.2626, 2.31353,1.48488,2.18196, 2.93757,5.78165
5.89, 2.28574, 2.32838,1.45712,2.21133, 2.99538,5.7464
5.9, 2.30902, 2.34295,1.42918,2.24129, 3.05285,5.71046
5.91, 2.33245, 2.35724,1.40106,2.27182, 3.10995,5.67382
5.92, 2.35602, 2.37125,1.37277,2.30291, 3.16669,5.6365
5.93, 2.37973, 2.38498,1.34432,2.33458, 3.22306,5.5985
5.94, 2.40358, 2.39842,1.3157,2.36681, 3.27904,5.55983
5.95, 2.42757, 2.41158,1.28692,2.3996, 3.33464,5.52048
5.96, 2.45168, 2.42445,1.25798,2.43295, 3.38984,5.48046
5.97, 2.47593, 2.43703,1.22889,2.46685, 3.44465,5.43978
5.98, 2.5003, 2.44932,1.19964,2.50129, 3.49905,5.39845
5.99, 2.52479, 2.46131,1.17025,2.53628, 3.55303,5.35646
6, 2.5494, 2.47301,1.14071,2.57181, 3.6066,5.31382
6.01, 2.57413, 2.48442,1.11104,2.60788, 3.65973,5.27054
6.02, 2.59898, 2.49553,1.08123,2.64448, 3.71244,5.22663
6.03, 2.62393, 2.50634,1.05128,2.6816, 3.76471,5.18208
6.04, 2.649, 2.51686,1.0212,2.71925, 3.81653,5.1369
6.05, 2.67417, 2.52707,0.991,2.75741, 3.8679,5.0911
6.06, 2.69944, 2.53698,0.960675,2.79609, 3.91881,5.04469
6.07, 2.72481, 2.54659,0.930232,2.83528, 3.96925,4.99766
6.08, 2.75027, 2.55589,0.899673,2.87497, 4.01923,4.95003
6.09, 2.77583, 2.56489,0.869002,2.91517, 4.06873,4.9018
6.1, 2.80148, 2.57358,0.838224,2.95585, 4.11775,4.85297
6.11, 2.82722, 2.58196,0.807341,2.99703, 4.16628,4.80356
6.12, 2.85304, 2.59003,0.776357,3.03869, 4.21431,4.75357
6.13, 2.87894, 2.59779,0.745276,3.08084, 4.26185,4.703
6.14, 2.90491, 2.60525,0.714103,3.12346, 4.30888,4.65185
6.15, 2.93097, 2.61239,0.68284,3.16654, 4.3554,4.60015
6.16, 2.95709, 2.61922,0.651491,3.2101, 4.4014,4.54788
6.17, 2.98328, 2.62573,0.620061,3.25411, 4.44688,4.49507
6.18, 3.00954, 2.63193,0.588552,3.29858, 4.49183,4.4417
6.19, 3.03586, 2.63782,0.556969,3.3435, 4.53625,4.3878
6.2, 3.06224, 2.64339,0.525315,3.38886, 4.58012,4.33337
6.21, 3.08867, 2.64864,0.493594,3.43466, 4.62346,4.2784
6.22, 3.11516, 2.65358,0.461811,3.4809, 4.66624,4.22292
6.23, 3.14169, 2.65819,0.429968,3.52756, 4.70847,4.16693
6.24, 3.16828, 2.66249,0.398069,3.57465, 4.75014,4.11043
6.25, 3.1949, 2.66647,0.366119,3.62215, 4.79124,4.05342
6.26, 3.22157, 2.67014,0.334122,3.67006, 4.83178,3.99593
6.27, 3.24827, 2.67348,0.30208,3.71838, 4.87174,3.93795
6.28, 3.275, 2.6765,0.269998,3.76709, 4.91112,3.87949
6.29, 3.30177, 2.6792,0.23788,3.81621, 4.94991,3.82055
6.3, 3.32856, 2.68158,0.20573,3.8657, 4.98812,3.76115
6.31, 3.35537, 2.68363,0.173551,3.91559, 5.02573,3.7013
6.32, 3.38221, 2.68537,0.141347,3.96584, 5.06274,3.64099
6.33, 3.40906, 2.68678,0.109123,4.01647, 5.09915,3.58024
6.34, 3.43593, 2.68787,0.0768817,4.06746, 5.13495,3.51905
6.35, 3.46281, 2.68864,0.0446271,4.11881, 5.17015,3.45743
6.36, 3.4897, 2.68909,0.0123636,4.17051, 5.20472,3.39538
6.37, 3.51659, 2.68921,-0.0199056,4.22256, 5.23867,3.33293
6.38, 3.54348, 2.68901,-0.0521762,4.27495, 5.272,3.27006
6.39, 3.57037, 2.68849,-0.0844442,4.32767, 5.3047,3.2068
6.4, 3.59726, 2.68765,-0.116706,4.38071, 5.33677,3.14314
6.41, 3.62413, 2.68648,-0.148958,4.43408, 5.3682,3.0791
6.42, 3.651, 2.68499,-0.181196,4.48776, 5.39899,3.01468
6.43, 3.67785, 2.68318,-0.213416,4.54175, 5.42914,2.9499
6.44, 3.70468, 2.68105,-0.245614,4.59605, 5.45864,2.88475
6.45, 3.73149, 2.67859,-0.277786,4.65063, 5.48749,2.81924
6.46, 3.75827, 2.67581,-0.309929,4.70551, 5.51568,2.75339
6.47, 3.78503, 2.67271,-0.342039,4.76066, 5.54321,2.6872
6.48, 3.81176, 2.66929,-0.374112,4.8161, 5.57009,2.62069
6.49, 3.83845, 2.66555,-0.406143,4.8718, 5.59629,2.55384
6.5, 3.86511, 2.66149,-0.43813,4.92776, 5.62183,2.48669
6.51, 3.89172, 2.65711,-0.470068,4.98398, 5.6467,2.41923
6.52, 3.91829, 2.65241,-0.501953,5.04044, 5.67089,2.35147
6.53, 3.94482, 2.64739,-0.533782,5.09715, 5.6944,2.28342
6.54, 3.97129, 2.64205,-0.56555,5.1541, 5.71724,2.21508
6.55, 3.99771, 2.63639,-0.597255,5.21127, 5.73939,2.14648
6.56, 4.02408, 2.63042,-0.628892,5.26866, 5.76085,2.0776
6.57, 4.05038, 2.62413,-0.660457,5.32627, 5.78163,2.00847
6.58, 4.07662, 2.61753,-0.691946,5.38409, 5.80172,1.93909
6.59, 4.1028, 2.61061,-0.723357,5.44211, 5.82111,1.86947
6.6, 4.1289, 2.60338,-0.754684,5.50032, 5.8398,1.79962
6.61, 4.15494, 2.59583,-0.785925,5.55871, 5.8578,1.72954
6.62, 4.1809, 2.58797,-0.817074,5.61729, 5.87509,1.65925
6.63, 4.20678, 2.5798,-0.84813,5.67604, 5.89168,1.58875
6.64, 4.23257, 2.57132,-0.879088,5.73496, 5.90757,1.51805
6.65, 4.25829, 2.56253,-0.909944,5.79404, 5.92275,1.44716
6.66, 4.28391, 2.55343,-0.940694,5.85326, 5.93722,1.37608
6.67, 4.30945, 2.54402,-0.971335,5.91264, 5.95099,1.30484
6.68, 4.33489, 2.53431,-1.00186,5.97215, 5.96403,1.23343
6.69, 4.36023, 2.52429,-1.03227,6.03179, 5.97637,1.16186
6.7, 4.38547, 2.51396,-1.06257,6.09155, 5.98799,1.09014
6.71, 4.41061, 2.50334,-1.09273,6.15143, 5.99889,1.01828
6.72, 4.43564, 2.49241,-1.12277,6.21142, 6.00907,0.946298
6.73, 4.46057, 2.48118,-1.15268,6.27151, 6.01853,0.874189
6.74, 4.48538, 2.46966,-1.18246,6.33169, 6.02728,0.801966
6.75, 4.51008, 2.45783,-1.21209,6.39197, 6.0353,0.729639
6.76, 4.53466, 2.44571,-1.24159,6.45232, 6.04259,0.657216
6.77, 4.55911, 2.4333,-1.27094,6.51275, 6.04916,0.584705
6.78, 4.58345, 2.42059,-1.30014,6.57324, 6.05501,0.512115
6.79, 4.60765, 2.40759,-1.32918,6.63379, 6.06013,0.439455
6.8, 4.63173, 2.39429,-1.35807,6.69439, 6.06453,0.366733
6.81, 4.65567, 2.38071,-1.3868,6.75503, 6.06819,0.293959
6.82, 4.67948, 2.36684,-1.41537,6.81572, 6.07113,0.22114
6.83, 4.70315, 2.35269,-1.44378,6.87643, 6.07334,0.148287
6.84, 4.72667, 2.33825,-1.47201,6.93716, 6.07483,0.0754068
6.85, 4.75006, 2.32353,-1.50007,6.99791, 6.07558,0.00250853
6.86, 4.77329, 2.30853,-1.52795,7.05867, 6.07561,-0.0703983
6.87, 4.79638, 2.29325,-1.55565,7.11942, 6.0749,-0.143305
6.88, 4.81931, 2.2777,-1.58317,7.18017, 6.07347,-0.216204
6.89, 4.84209, 2.26186,-1.6105,7.2409, 6.07131,-0.289086
6.9, 4.8647, 2.24576,-1.63765,7.30162, 6.06842,-0.361942
6.91, 4.88716, 2.22938,-1.66459,7.3623, 6.0648,-0.434763
6.92, 4.90946, 2.21274,-1.69135,7.42295, 6.06045,-0.50754
6.93, 4.93158, 2.19582,-1.7179,7.48355, 6.05537,-0.580266
6.94, 4.95354, 2.17864,-1.74425,7.54411, 6.04957,-0.65293
6.95, 4.97533, 2.1612,-1.77039,7.6046, 6.04304,-0.725525
6.96, 4.99694, 2.1435,-1.79633,7.66503, 6.03579,-0.798042
6.97, 5.01837, 2.12554,-1.82205,7.72539, 6.02781,-0.870471
6.98, 5.03963, 2.10731,-1.84756,7.78567, 6.0191,-0.942804
6.99, 5.0607, 2.08884,-1.87284,7.84586, 6.00967,-1.01503
7, 5.08159, 2.07011,-1.89791,7.90596, 5.99952,-1.08715
7.01, 5.10229, 2.05113,-1.92275,7.96595, 5.98865,-1.15914
7.02, 5.1228, 2.0319,-1.94737,8.02584, 5.97706,-1.23101
7.03, 5.14312, 2.01243,-1.97175,8.08561, 5.96475,-1.30273
7.04, 5.16325, 1.99271,-1.9959,8.14526, 5.95172,-1.37431
7.05, 5.18317, 1.97275,-2.01981,8.20478, 5.93798,-1.44573
7.06, 5.2029, 1.95256,-2.04348,8.26416, 5.92352,-1.51699
7.07, 5.22243, 1.93212,-2.06691,8.32339, 5.90835,-1.58807
7.08, 5.24175, 1.91145,-2.0901,8.38247, 5.89247,-1.65897
7.09, 5.26086, 1.89055,-2.11304,8.4414, 5.87588,-1.72968
7.1, 5.27977, 1.86942,-2.13572,8.50016, 5.85859,-1.80019
7.11, 5.29846, 1.84806,-2.15816,8.55874, 5.84058,-1.87049
7.12, 5.31694, 1.82648,-2.18033,8.61715, 5.82188,-1.94058
7.13, 5.33521, 1.80468,-2.20225,8.67537, 5.80247,-2.01044
7.14, 5.35326, 1.78266,-2.22391,8.73339, 5.78237,-2.08007
7.15, 5.37108, 1.76042,-2.2453,8.79122, 5.76157,-2.14946
7.16, 5.38869, 1.73796,-2.26642,8.84883, 5.74007,-2.2186
7.17, 5.40607, 1.7153,-2.28728,8.90623, 5.71789,-2.28748
7.18, 5.42322, 1.69243,-2.30786,8.96341, 5.69501,-2.35609
7.19, 5.44014, 1.66935,-2.32817,9.02036, 5.67145,-2.42443
7.2, 5.45684, 1.64607,-2.3482,9.07708, 5.64721,-2.49249
7.21, 5.4733, 1.62258,-2.36796,9.13355, 5.62228,-2.56026
7.22, 5.48952, 1.5989,-2.38743,9.18977, 5.59668,-2.62773
7.23, 5.50551, 1.57503,-2.40661,9.24574, 5.5704,-2.69489
7.24, 5.52126, 1.55096,-2.42551,9.30144, 5.54345,-2.76173
7.25, 5.53677, 1.52671,-2.44413,9.35688, 5.51584,-2.82825
7.26, 5.55204, 1.50227,-2.46245,9.41203, 5.48755,-2.89444
7.27, 5.56706, 1.47764,-2.48047,9.46691, 5.45861,-2.96029
7.28, 5.58184, 1.45284,-2.49821,9.5215, 5.42901,-3.0258
7.29, 5.59637, 1.42786,-2.51564,9.57579, 5.39875,-3.09094
7.3, 5.61065, 1.4027,-2.53277,9.62977, 5.36784,-3.15573
7.31, 5.62467, 1.37737,-2.54961,9.68345, 5.33628,-3.22014
7.32, 5.63845, 1.35188,-2.56614,9.73682, 5.30408,-3.28418
7.33, 5.65196, 1.32622,-2.58236,9.78986, 5.27124,-3.34783
7.34, 5.66523, 1.30039,-2.59827,9.84257, 5.23776,-3.41108
7.35, 5.67823, 1.27441,-2.61388,9.89495, 5.20365,-3.47394
7.36, 5.69097, 1.24827,-2.62917,9.94698, 5.16891,-3.53638
7.37, 5.70346, 1.22198,-2.64415,9.99867, 5.13355,-3.59841
7.38, 5.71568, 1.19554,-2.65881,10.05, 5.09756,-3.66001
7.39, 5.72763, 1.16895,-2.67316,10.101, 5.06096,-3.72118
7.4, 5.73932, 1.14222,-2.68719,10.1516, 5.02375,-3.78191
7.41, 5.75074, 1.11535,-2.70089,10.2018, 4.98593,-3.8422
7.42, 5.7619, 1.08834,-2.71428,10.2517, 4.94751,-3.90203
7.43, 5.77278, 1.06119,-2.72734,10.3012, 4.90849,-3.9614
7.44, 5.78339, 1.03392,-2.74007,10.3502, 4.86888,-4.0203
7.45, 5.79373, 1.00652,-2.75248,10.3989, 4.82867,-4.07873
7.46, 5.8038, 0.978995,-2.76456,10.4472, 4.78789,-4.13667
7.47, 5.81359, 0.951349,-2.7763,10.4951, 4.74652,-4.19412
7.48, 5.8231, 0.923586,-2.78772,10.5426, 4.70458,-4.25108
7.49, 5.83234, 0.895709,-2.7988,10.5896, 4.66207,-4.30754
7.5, 5.84129, 0.867721,-2.80955,10.6362, 4.61899,-4.36348
7.51, 5.84997, 0.839625,-2.81997,10.6824, 4.57536,-4.41891
7.52, 5.85837, 0.811426,-2.83004,10.7282, 4.53117,-4.47381
7.53, 5.86648, 0.783125,-2.83978,10.7735, 4.48643,-4.52819
7.54, 5.87431, 0.754728,-2.84918,10.8184, 4.44115,-4.58203
7.55, 5.88186, 0.726236,-2.85823,10.8628, 4.39533,-4.63532
7.56, 5.88912, 0.697653,-2.86695,10.9067, 4.34897,-4.68806
7.57, 5.8961, 0.668984,-2.87532,10.9502, 4.30209,-4.74025
7.58, 5.90279, 0.640231,-2.88335,10.9932, 4.25469,-4.79188
7.59, 5.90919, 0.611397,-2.89103,11.0358, 4.20677,-4.84293
7.6, 5.91531, 0.582487,-2.89837,11.0778, 4.15834,-4.89341
7.61, 5.92113, 0.553503,-2.90536,11.1194, 4.10941,-4.94331
7.62, 5.92667, 0.52445,-2.912,11.1605, 4.05998,-4.99263
7.63, 5.93191, 0.49533,-2.91829,11.2011, 4.01005,-5.04135
7.64, 5.93686, 0.466147,-2.92424,11.2412, 3.95964,-5.08947
7.65, 5.94152, 0.436905,-2.92983,11.2808, 3.90874,-5.13698
7.66, 5.94589, 0.407606,-2.93507,11.3199, 3.85737,-5.18389
7.67, 5.94997, 0.378256,-2.93996,11.3585, 3.80553,-5.23018
7.68, 5.95375, 0.348856,-2.9445,11.3965, 3.75323,-5.27584
7.69, 5.95724, 0.319411,-2.94869,11.4341, 3.70047,-5.32088
7.7, 5.96043, 0.289924,-2.95252,11.4711, 3.64726,-5.36529
7.71, 5.96333, 0.260399,-2.956,11.5075, 3.59361,-5.40905
7.72, 5.96594, 0.230839,-2.95913,11.5435, 3.53952,-5.45218
7.73, 5.96825, 0.201248,-2.9619,11.5789, 3.485,-5.49465
7.74, 5.97026, 0.171629,-2.96431,11.6137, 3.43005,-5.53647
7.75, 5.97197, 0.141985,-2.96637,11.648, 3.37469,-5.57763
7.76, 5.97339, 0.112322,-2.96807,11.6818, 3.31891,-5.61813
7.77, 5.97452, 0.082641,-2.96942,11.715, 3.26273,-5.65796
7.78, 5.97534, 0.0529468,-2.97041,11.7476, 3.20615,-5.69711
7.79, 5.97587, 0.0232427,-2.97105,11.7797, 3.14918,-5.73558
7.8, 5.97611, -0.00646783,-2.97133,11.8111, 3.09182,-5.77337
7.81, 5.97604, -0.0361811,-2.97125,11.8421, 3.03409,-5.81047
7.82, 5.97568, -0.0658936,-2.97082,11.8724, 2.97598,-5.84688
7.83, 5.97502, -0.0956018,-2.97003,11.9022, 2.91752,-5.88259
7.84, 5.97406, -0.125302,-2.96888,11.9313, 2.85869,-5.9176
7.85, 5.97281, -0.154991,-2.96737,11.9599, 2.79951,-5.95191
7.86, 5.97126, -0.184665,-2.96551,11.9879, 2.73999,-5.9855
7.87, 5.96942, -0.21432,-2.9633,12.0153, 2.68014,-6.01838
7.88, 5.96727, -0.243953,-2.96073,12.0421, 2.61996,-6.05055
7.89, 5.96483, -0.27356,-2.9578,12.0683, 2.55945,-6.08198
7.9, 5.9621, -0.303138,-2.95452,12.0939, 2.49863,-6.1127
7.91, 5.95907, -0.332683,-2.95088,12.1189, 2.4375,-6.14268
7.92, 5.95574, -0.362192,-2.94689,12.1433, 2.37608,-6.17193
7.93, 5.95212, -0.391661,-2.94254,12.167, 2.31436,-6.20044
7.94, 5.9482, -0.421086,-2.93784,12.1902, 2.25235,-6.22822
7.95, 5.94399, -0.450465,-2.93279,12.2127, 2.19007,-6.25524
7.96, 5.93948, -0.479792,-2.92738,12.2346, 2.12752,-6.28153
7.97, 5.93469, -0.509066,-2.92162,12.2559, 2.0647,-6.30706
7.98, 5.9296, -0.538282,-2.91552,12.2765, 2.00163,-6.33183
7.99, 5.92421, -0.567438,-2.90906,12.2965, 1.93831,-6.35585
8, 5.91854, -0.596528,-2.90225,12.3159, 1.87476,-6.37911
8.01, 5.91257, -0.625551,-2.89509,12.3347, 1.81096,-6.40161
8.02, 5.90632, -0.654502,-2.88758,12.3528, 1.74695,-6.42334
8.03, 5.89977, -0.683377,-2.87973,12.3703, 1.68271,-6.4443
8.04, 5.89294, -0.712175,-2.87153,12.3871, 1.61827,-6.4645
8.05, 5.88582, -0.74089,-2.86298,12.4033, 1.55363,-6.48392
8.06, 5.87841, -0.76952,-2.85409,12.4188, 1.48879,-6.50256
8.07, 5.87071, -0.798061,-2.84486,12.4337, 1.42376,-6.52042
8.08, 5.86273, -0.826509,-2.83528,12.4479, 1.35856,-6.53751
8.09, 5.85447, -0.854862,-2.82536,12.4615, 1.29318,-6.55381
8.1, 5.84592, -0.883116,-2.8151,12.4744, 1.22764,-6.56933
8.11, 5.83709, -0.911267,-2.80451,12.4867, 1.16195,-6.58406
8.12, 5.82798, -0.939312,-2.79357,12.4983, 1.09611,-6.59801
8.13, 5.81858, -0.967247,-2.7823,12.5093, 1.03013,-6.61116
8.14, 5.80891, -0.99507,-2.77069,12.5196, 0.964019,-6.62352
8.15, 5.79896, -1.02278,-2.75875,12.5292, 0.897784,-6.63509
8.16, 5.78873, -1.05036,-2.74648,12.5382, 0.831433,-6.64586
8.17, 5.77823, -1.07783,-2.73387,12.5465, 0.764974,-6.65584
8.18, 5.76745, -1.10517,-2.72094,12.5542, 0.698416,-6.66502
8.19, 5.7564, -1.13238,-2.70768,12.5612, 0.631766,-6.6734
8.2, 5.74507, -1.15945,-2.69409,12.5675, 0.565032,-6.68098
8.21, 5.73348, -1.1864,-2.68018,12.5731, 0.498222,-6.68776
8.22, 5.72162, -1.2132,-2.66594,12.5781, 0.431344,-6.69374
8.23, 5.70948, -1.23986,-2.65138,12.5824, 0.364407,-6.69892
8.24, 5.69708, -1.26637,-2.6365,12.5861, 0.297418,-6.70329
8.25, 5.68442, -1.29274,-2.62131,12.589, 0.230385,-6.70686
8.26, 5.67149, -1.31895,-2.60579,12.5914, 0.163316,-6.70962
8.27, 5.6583, -1.34501,-2.58997,12.593, 0.0962199,-6.71158
8.28, 5.64485, -1.37091,-2.57383,12.5939, 0.029104,-6.71274
8.29, 5.63115, -1.39664,-2.55737,12.5942, -0.0380233,-6.71309
8.3, 5.61718, -1.42222,-2.54061,12.5939, -0.105154,-6.71263
8.31, 5.60296, -1.44762,-2.52355,12.5928, -0.172281,-6.71137
8.32, 5.58848, -1.47286,-2.50618,12.5911, -0.239394,-6.7093
8.33, 5.57375, -1.49792,-2.4885,12.5887, -0.306487,-6.70643
8.34, 5.55877, -1.52281,-2.47053,12.5856, -0.373551,-6.70275
8.35, 5.54354, -1.54751,-2.45225,12.5819, -0.440579,-6.69827
8.36, 5.52807, -1.57203,-2.43368,12.5775, -0.507562,-6.69298
8.37, 5.51235, -1.59637,-2.41482,12.5724, -0.574491,-6.68689
8.38, 5.49639, -1.62052,-2.39566,12.5667, -0.64136,-6.68
8.39, 5.48018, -1.64448,-2.37622,12.5602, -0.70816,-6.6723
8.4, 5.46374, -1.66824,-2.35648,12.5532, -0.774883,-6.6638
8.41, 5.44705, -1.6918,-2.33646,12.5454, -0.841521,-6.6545
8.42, 5.43014, -1.71517,-2.31616,12.537, -0.908066,-6.64441
8.43, 5.41298, -1.73833,-2.29558,12.5279, -0.97451,-6.63351
8.44, 5.3956, -1.76128,-2.27472,12.5182, -1.04085,-6.62181
8.45, 5.37799, -1.78403,-2.25358,12.5078, -1.10706,-6.60932
8.46, 5.36015, -1.80657,-2.23218,12.4967, -1.17316,-6.59604
8.47, 5.34208, -1.82889,-2.2105,12.485, -1.23912,-6.58196
8.48, 5.32379, -1.85099,-2.18855,12.4726, -1.30494,-6.56709
8.49, 5.30528, -1.87288,-2.16634,12.4595, -1.37061,-6.55143
8.5, 5.28655, -1.89454,-2.14386,12.4458, -1.43612,-6.53499
8.51, 5.26761, -1.91598,-2.12113,12.4315, -1.50147,-6.51775
8.52, 5.24845, -1.93719,-2.09814,12.4164, -1.56665,-6.49973
8.53, 5.22908, -1.95817,-2.07489,12.4008, -1.63165,-6.48093
8.54, 5.20949, -1.97892,-2.05139,12.3845, -1.69646,-6.46136
8.55, 5.18971, -1.99944,-2.02765,12.3675, -1.76107,-6.441
8.56, 5.16971, -2.01971,-2.00365,12.3499, -1.82548,-6.41986
8.57, 5.14951, -2.03975,-1.97942,12.3316, -1.88968,-6.39796
8.58, 5.12912, -2.05954,-1.95494,12.3127, -1.95366,-6.37528
8.59, 5.10852, -2.07909,-1.93023,12.2932, -2.01741,-6.35184
8.6, 5.08773, -2.0984,-1.90528,12.273, -2.08093,-6.32763
8.61, 5.06675, -2.11745,-1.88009,12.2522, -2.14421,-6.30266
8.62, 5.04557, -2.13625,-1.85469,12.2308, -2.20723,-6.27693
8.63, 5.02421, -2.1548,-1.82905,12.2087, -2.27,-6.25044
8.64, 5.00266, -2.17309,-1.80319,12.186, -2.33251,-6.2232
8.65, 4.98093, -2.19112,-1.77712,12.1627, -2.39474,-6.19521
8.66, 4.95902, -2.20889,-1.75082,12.1387, -2.45669,-6.16647
8.67, 4.93693, -2.2264,-1.72432,12.1142, -2.51835,-6.13699
8.68, 4.91467, -2.24364,-1.6976,12.089, -2.57972,-6.10677
8.69, 4.89223, -2.26062,-1.67068,12.0632, -2.64079,-6.07582
8.7, 4.86962, -2.27732,-1.64355,12.0368, -2.70155,-6.04413
8.71, 4.84685, -2.29376,-1.61622,12.0098, -2.76199,-6.01171
8.72, 4.82391, -2.30992,-1.5887,11.9821, -2.82211,-5.97857
8.73, 4.80081, -2.32581,-1.56098,11.9539, -2.88189,-5.9447
8.74, 4.77756, -2.34142,-1.53307,11.9251, -2.94134,-5.91012
8.75, 4.75414, -2.35675,-1.50497,11.8957, -3.00044,-5.87482
8.76, 4.73057, -2.3718,-1.47669,11.8657, -3.05919,-5.83882
8.77, 4.70686, -2.38657,-1.44823,11.8351, -3.11758,-5.80211
8.78, 4.68299, -2.40105,-1.41959,11.8039, -3.1756,-5.76469
8.79, 4.65898, -2.41524,-1.39078,11.7722, -3.23325,-5.72659
8.8, 4.63483, -2.42915,-1.36179,11.7398, -3.29051,-5.68779
8.81, 4.61054, -2.44277,-1.33264,11.7069, -3.34739,-5.6483
8.82, 4.58611, -2.4561,-1.30333,11.6734, -3.40387,-5.60813
8.83, 4.56155, -2.46913,-1.27386,11.6394, -3.45996,-5.56729
8.84, 4.53686, -2.48187,-1.24423,11.6048, -3.51563,-5.52577
8.85, 4.51204, -2.49431,-1.21444,11.5696, -3.57089,-5.48358
8.86, 4.48709, -2.50646,-1.18451,11.5339, -3.62572,-5.44073
8.87, 4.46203, -2.5183,-1.15443,11.4977, -3.68013,-5.39722
8.88, 4.43685, -2.52984,-1.12422,11.4609, -3.7341,-5.35306
8.89, 4.41155, -2.54109,-1.09386,11.4235, -3.78763,-5.30825
8.9, 4.38614, -2.55203,-1.06336,11.3857, -3.84071,-5.2628
8.91, 4.36062, -2.56266,-1.03274,11.3473, -3.89334,-5.21671
8.92, 4.33499, -2.57299,-1.00199,11.3083, -3.94551,-5.16999
8.93, 4.30926, -2.58301,-0.971112,11.2689, -3.99721,-5.12264
8.94, 4.28343, -2.59272,-0.940116,11.2289, -4.04844,-5.07468
8.95, 4.2575, -2.60212,-0.909004,11.1884, -4.09918,-5.0261
8.96, 4.23148, -2.61121,-0.877778,11.1474, -4.14944,-4.97691
8.97, 4.20537, -2.61999,-0.846443,11.1059, -4.19921,-4.92711
8.98, 4.17917, -2.62845,-0.815004,11.0639, -4.24848,-4.87672
8.99, 4.15289, -2.6366,-0.783463,11.0214, -4.29725,-4.82574
