No iterations: 800
Time (s), Position 1 (cm), Velocity 1 (cm s-1), Acceleration 1 (cm s-2), Position 2 (cm), Velocity 2 (cm s-1), Acceleration 2 (cm s-2)
0, 2, 2,2.25,7, -1,0
0.01, 2.02, 2.0225,2.22,6.99, -1,0.0150003
0.02, 2.04022, 2.0447,2.18966,6.98, -0.99985,0.03
0.03, 2.06067, 2.0666,2.15899,6.97, -0.99955,0.0449975
0.04, 2.08134, 2.08819,2.12799,6.96001, -0.9991,0.0599906
0.05, 2.10222, 2.10947,2.09667,6.95002, -0.9985,0.0749774
0.06, 2.12331, 2.13043,2.06503,6.94003, -0.99775,0.0899549
0.07, 2.14462, 2.15108,2.03307,6.93005, -0.996851,0.104922
0.08, 2.16613, 2.17141,2.00081,6.92008, -0.995802,0.119874
0.09, 2.18784, 2.19142,1.96823,6.91013, -0.994603,0.134811
0.1, 2.20976, 2.2111,1.93536,6.90018, -0.993255,0.14973
0.11, 2.23187, 2.23046,1.9022,6.89025, -0.991757,0.164629
0.12, 2.25417, 2.24948,1.86874,6.88033, -0.990111,0.179506
0.13, 2.27667, 2.26817,1.835,6.87043, -0.988316,0.194357
0.14, 2.29935, 2.28652,1.80098,6.86055, -0.986373,0.209182
0.15, 2.32222, 2.30453,1.76668,6.85068, -0.984281,0.223977
0.16, 2.34526, 2.32219,1.73211,6.84084, -0.982041,0.238742
0.17, 2.36848, 2.33952,1.69728,6.83102, -0.979654,0.253472
0.18, 2.39188, 2.35649,1.66218,6.82122, -0.977119,0.268167
0.19, 2.41544, 2.37311,1.62684,6.81145, -0.974437,0.282824
0.2, 2.43917, 2.38938,1.59124,6.80171, -0.971609,0.297441
0.21, 2.46307, 2.40529,1.5554,6.79199, -0.968634,0.312015
0.22, 2.48712, 2.42084,1.51932,6.7823, -0.965514,0.326544
0.23, 2.51133, 2.43604,1.48301,6.77265, -0.962249,0.341027
0.24, 2.53569, 2.45087,1.44647,6.76303, -0.958839,0.355461
0.25, 2.5602, 2.46533,1.4097,6.75344, -0.955284,0.369843
0.26, 2.58485, 2.47943,1.37272,6.74389, -0.951586,0.384172
0.27, 2.60965, 2.49316,1.33553,6.73437, -0.947744,0.398446
0.28, 2.63458, 2.50651,1.29813,6.72489, -0.943759,0.412662
0.29, 2.65964, 2.51949,1.26054,6.71545, -0.939633,0.426819
0.3, 2.68484, 2.5321,1.22274,6.70606, -0.935365,0.440913
0.31, 2.71016, 2.54433,1.18476,6.6967, -0.930955,0.454943
0.32, 2.7356, 2.55617,1.1466,6.68739, -0.926406,0.468908
0.33, 2.76116, 2.56764,1.10826,6.67813, -0.921717,0.482804
0.34, 2.78684, 2.57872,1.06974,6.66891, -0.916889,0.49663
0.35, 2.81263, 2.58942,1.03106,6.65974, -0.911923,0.510383
0.36, 2.83852, 2.59973,0.992219,6.65063, -0.906819,0.524062
0.37, 2.86452, 2.60965,0.953223,6.64156, -0.901578,0.537664
0.38, 2.89061, 2.61918,0.914078,6.63254, -0.896202,0.551188
0.39, 2.91681, 2.62833,0.87479,6.62358, -0.89069,0.564631
0.4, 2.94309, 2.63707,0.835366,6.61467, -0.885043,0.577991
0.41, 2.96946, 2.64543,0.795809,6.60582, -0.879263,0.591267
0.42, 2.99591, 2.65339,0.756128,6.59703, -0.873351,0.604455
0.43, 3.02245, 2.66095,0.716327,6.5883, -0.867306,0.617556
0.44, 3.04906, 2.66811,0.676413,6.57962, -0.861131,0.630566
0.45, 3.07574, 2.67487,0.636391,6.57101, -0.854825,0.643483
0.46, 3.10249, 2.68124,0.596268,6.56246, -0.84839,0.656305
0.47, 3.1293, 2.6872,0.556049,6.55398, -0.841827,0.669031
0.48, 3.15617, 2.69276,0.515742,6.54556, -0.835137,0.681658
0.49, 3.1831, 2.69792,0.47535,6.53721, -0.82832,0.694185
0.5, 3.21008, 2.70267,0.434881,6.52893, -0.821378,0.70661
0.51, 3.23711, 2.70702,0.394341,6.52071, -0.814312,0.718931
0.52, 3.26418, 2.71096,0.353736,6.51257, -0.807123,0.731145
0.53, 3.29129, 2.7145,0.313071,6.5045, -0.799812,0.743252
0.54, 3.31843, 2.71763,0.272354,6.4965, -0.792379,0.755249
0.55, 3.34561, 2.72036,0.231589,6.48858, -0.784827,0.767135
0.56, 3.37281, 2.72267,0.190784,6.48073, -0.777155,0.778908
0.57, 3.40004, 2.72458,0.149944,6.47296, -0.769366,0.790565
0.58, 3.42728, 2.72608,0.109075,6.46526, -0.76146,0.802105
0.59, 3.45454, 2.72717,0.0681843,6.45765, -0.753439,0.813527
0.6, 3.48182, 2.72785,0.0272766,6.45011, -0.745304,0.824829
0.61, 3.50909, 2.72812,-0.013641,6.44266, -0.737056,0.836008
0.62, 3.53638, 2.72799,-0.0545629,6.43529, -0.728696,0.847064
0.63, 3.56366, 2.72744,-0.0954827,6.428, -0.720225,0.857994
0.64, 3.59093, 2.72649,-0.136394,6.4208, -0.711645,0.868798
0.65, 3.61819, 2.72512,-0.177292,6.41368, -0.702957,0.879473
0.66, 3.64545, 2.72335,-0.218169,6.40666, -0.694162,0.890017
0.67, 3.67268, 2.72117,-0.259019,6.39971, -0.685262,0.90043
0.68, 3.69989, 2.71858,-0.299836,6.39286, -0.676258,0.910709
0.69, 3.72708, 2.71558,-0.340615,6.3861, -0.667151,0.920852
0.7, 3.75423, 2.71217,-0.381349,6.37943, -0.657942,0.93086
0.71, 3.78135, 2.70836,-0.422031,6.37285, -0.648634,0.940729
0.72, 3.80844, 2.70414,-0.462657,6.36636, -0.639226,0.950458
0.73, 3.83548, 2.69951,-0.503219,6.35997, -0.629722,0.960046
0.74, 3.86247, 2.69448,-0.543712,6.35367, -0.620121,0.969493
0.75, 3.88942, 2.68904,-0.584129,6.34747, -0.610427,0.978795
0.76, 3.91631, 2.6832,-0.624464,6.34137, -0.600639,0.987951
0.77, 3.94314, 2.67696,-0.664713,6.33536, -0.590759,0.99696
0.78, 3.96991, 2.67031,-0.704867,6.32945, -0.580789,1.00582
0.79, 3.99661, 2.66326,-0.744922,6.32364, -0.570731,1.01453
0.8, 4.02325, 2.65581,-0.78487,6.31794, -0.560586,1.02309
0.81, 4.04981, 2.64796,-0.824708,6.31233, -0.550355,1.0315
0.82, 4.07628, 2.63972,-0.864427,6.30683, -0.54004,1.03976
0.83, 4.10268, 2.63107,-0.904023,6.30143, -0.529642,1.04786
0.84, 4.12899, 2.62203,-0.943489,6.29613, -0.519164,1.0558
0.85, 4.15521, 2.6126,-0.982819,6.29094, -0.508606,1.06359
0.86, 4.18134, 2.60277,-1.02201,6.28585, -0.49797,1.07122
0.87, 4.20737, 2.59255,-1.06105,6.28087, -0.487258,1.07869
0.88, 4.23329, 2.58194,-1.09994,6.276, -0.476471,1.086
0.89, 4.25911, 2.57094,-1.13867,6.27124, -0.465611,1.09315
0.9, 4.28482, 2.55955,-1.17723,6.26658, -0.454679,1.10013
0.91, 4.31042, 2.54778,-1.21563,6.26203, -0.443678,1.10695
0.92, 4.33589, 2.53562,-1.25384,6.2576, -0.432608,1.11361
0.93, 4.36125, 2.52309,-1.29188,6.25327, -0.421472,1.12009
0.94, 4.38648, 2.51017,-1.32972,6.24906, -0.410271,1.12642
0.95, 4.41158, 2.49687,-1.36737,6.24495, -0.399007,1.13257
0.96, 4.43655, 2.4832,-1.40483,6.24096, -0.387682,1.13856
0.97, 4.46138, 2.46915,-1.44208,6.23709, -0.376296,1.14437
0.98, 4.48608, 2.45473,-1.47911,6.23332, -0.364852,1.15002
0.99, 4.51062, 2.43994,-1.51593,6.22967, -0.353352,1.15549
1, 4.53502, 2.42478,-1.55253,6.22614, -0.341797,1.16079
1.01, 4.55927, 2.40925,-1.5889,6.22272, -0.330189,1.16592
1.02, 4.58336, 2.39336,-1.62504,6.21942, -0.31853,1.17087
1.03, 4.6073, 2.37711,-1.66094,6.21624, -0.306822,1.17565
1.04, 4.63107, 2.3605,-1.6966,6.21317, -0.295065,1.18025
1.05, 4.65467, 2.34354,-1.73201,6.21022, -0.283263,1.18467
1.06, 4.67811, 2.32622,-1.76716,6.20738, -0.271416,1.18892
1.07, 4.70137, 2.30855,-1.80205,6.20467, -0.259527,1.19299
1.08, 4.72446, 2.29052,-1.83668,6.20207, -0.247597,1.19689
1.09, 4.74736, 2.27216,-1.87104,6.1996, -0.235628,1.2006
1.1, 4.77008, 2.25345,-1.90512,6.19724, -0.223622,1.20414
1.11, 4.79262, 2.2344,-1.93892,6.19501, -0.21158,1.20749
1.12, 4.81496, 2.21501,-1.97244,6.19289, -0.199506,1.21066
1.13, 4.83711, 2.19528,-2.00567,6.1909, -0.187399,1.21366
1.14, 4.85906, 2.17523,-2.03859,6.18902, -0.175262,1.21647
1.15, 4.88082, 2.15484,-2.07122,6.18727, -0.163098,1.2191
1.16, 4.90236, 2.13413,-2.10355,6.18564, -0.150907,1.22154
1.17, 4.92371, 2.11309,-2.13556,6.18413, -0.138691,1.22381
1.18, 4.94484, 2.09174,-2.16725,6.18274, -0.126453,1.22589
1.19, 4.96575, 2.07006,-2.19863,6.18148, -0.114194,1.22778
1.2, 4.98645, 2.04808,-2.22968,6.18034, -0.101917,1.2295
1.21, 5.00693, 2.02578,-2.2604,6.17932, -0.0896216,1.23103
1.22, 5.02719, 2.00318,-2.29079,6.17842, -0.0773113,1.23237
1.23, 5.04722, 1.98027,-2.32084,6.17765, -0.0649876,1.23353
1.24, 5.06703, 1.95706,-2.35054,6.177, -0.0526523,1.2345
1.25, 5.0866, 1.93356,-2.3799,6.17647, -0.0403073,1.23529
1.26, 5.10593, 1.90976,-2.4089,6.17607, -0.0279543,1.2359
1.27, 5.12503, 1.88567,-2.43755,6.17579, -0.0155953,1.23632
1.28, 5.14389, 1.86129,-2.46583,6.17563, -0.00323217,1.23655
1.29, 5.1625, 1.83663,-2.49375,6.1756, 0.00913335,1.2366
1.3, 5.18087, 1.8117,-2.5213,6.17569, 0.0214994,1.23646
1.31, 5.19898, 1.78648,-2.54848,6.17591, 0.033864,1.23614
1.32, 5.21685, 1.761,-2.57527,6.17624, 0.0462254,1.23563
1.33, 5.23446, 1.73525,-2.60169,6.17671, 0.0585817,1.23494
1.34, 5.25181, 1.70923,-2.62772,6.17729, 0.0709311,1.23406
1.35, 5.2689, 1.68295,-2.65335,6.178, 0.0832717,1.233
1.36, 5.28573, 1.65642,-2.6786,6.17883, 0.0956017,1.23175
1.37, 5.3023, 1.62963,-2.70345,6.17979, 0.107919,1.23031
1.38, 5.31859, 1.6026,-2.72789,6.18087, 0.120222,1.22869
1.39, 5.33462, 1.57532,-2.75193,6.18207, 0.132509,1.22689
1.4, 5.35037, 1.5478,-2.77556,6.1834, 0.144778,1.2249
1.41, 5.36585, 1.52004,-2.79878,6.18485, 0.157027,1.22273
1.42, 5.38105, 1.49206,-2.82158,6.18642, 0.169255,1.22038
1.43, 5.39597, 1.46384,-2.84396,6.18811, 0.181458,1.21784
1.44, 5.41061, 1.4354,-2.86591,6.18992, 0.193637,1.21512
1.45, 5.42496, 1.40674,-2.88745,6.19186, 0.205788,1.21221
1.46, 5.43903, 1.37787,-2.90855,6.19392, 0.21791,1.20912
1.47, 5.45281, 1.34878,-2.92921,6.1961, 0.230001,1.20586
1.48, 5.4663, 1.31949,-2.94945,6.1984, 0.24206,1.20241
1.49, 5.47949, 1.29,-2.96924,6.20082, 0.254084,1.19878
1.5, 5.49239, 1.2603,-2.98859,6.20336, 0.266072,1.19496
1.51, 5.505, 1.23042,-3.00749,6.20602, 0.278021,1.19097
1.52, 5.5173, 1.20034,-3.02595,6.2088, 0.289931,1.1868
1.53, 5.5293, 1.17008,-3.04395,6.2117, 0.301799,1.18245
1.54, 5.541, 1.13964,-3.06151,6.21472, 0.313624,1.17793
1.55, 5.5524, 1.10903,-3.0786,6.21785, 0.325403,1.17322
1.56, 5.56349, 1.07824,-3.09524,6.22111, 0.337135,1.16834
1.57, 5.57427, 1.04729,-3.11141,6.22448, 0.348818,1.16328
1.58, 5.58475, 1.01618,-3.12712,6.22797, 0.360451,1.15805
1.59, 5.59491, 0.984904,-3.14236,6.23157, 0.372032,1.15265
1.6, 5.60476, 0.953481,-3.15714,6.23529, 0.383558,1.14706
1.61, 5.61429, 0.921909,-3.17144,6.23913, 0.395029,1.14131
1.62, 5.62351, 0.890195,-3.18527,6.24308, 0.406442,1.13539
1.63, 5.63241, 0.858342,-3.19862,6.24714, 0.417796,1.12929
1.64, 5.641, 0.826356,-3.21149,6.25132, 0.429089,1.12302
1.65, 5.64926, 0.794241,-3.22389,6.25561, 0.440319,1.11659
1.66, 5.6572, 0.762002,-3.2358,6.26001, 0.451485,1.10998
1.67, 5.66482, 0.729644,-3.24723,6.26453, 0.462585,1.10321
1.68, 5.67212, 0.697172,-3.25818,6.26915, 0.473617,1.09627
1.69, 5.67909, 0.66459,-3.26864,6.27389, 0.484579,1.08917
1.7, 5.68574, 0.631904,-3.2786,6.27874, 0.495471,1.0819
1.71, 5.69206, 0.599118,-3.28808,6.28369, 0.50629,1.07447
1.72, 5.69805, 0.566237,-3.29707,6.28875, 0.517035,1.06687
1.73, 5.70371, 0.533266,-3.30556,6.29392, 0.527703,1.05911
1.74, 5.70904, 0.50021,-3.31356,6.2992, 0.538295,1.0512
1.75, 5.71404, 0.467075,-3.32107,6.30458, 0.548807,1.04313
1.76, 5.71871, 0.433864,-3.32807,6.31007, 0.559238,1.03489
1.77, 5.72305, 0.400583,-3.33458,6.31566, 0.569587,1.0265
1.78, 5.72706, 0.367238,-3.34059,6.32136, 0.579852,1.01796
1.79, 5.73073, 0.333832,-3.3461,6.32716, 0.590031,1.00926
1.8, 5.73407, 0.300371,-3.3511,6.33306, 0.600124,1.00041
1.81, 5.73707, 0.26686,-3.35561,6.33906, 0.610128,0.991411
1.82, 5.73974, 0.233304,-3.35961,6.34516, 0.620042,0.982259
1.83, 5.74207, 0.199708,-3.36311,6.35136, 0.629865,0.972958
1.84, 5.74407, 0.166076,-3.36611,6.35766, 0.639594,0.96351
1.85, 5.74573, 0.132415,-3.3686,6.36406, 0.64923,0.953917
1.86, 5.74706, 0.0987294,-3.37059,6.37055, 0.658769,0.944178
1.87, 5.74804, 0.0650236,-3.37207,6.37714, 0.66821,0.934296
1.88, 5.74869, 0.0313029,-3.37304,6.38382, 0.677553,0.924273
1.89, 5.74901, -0.00242752,-3.37351,6.39059, 0.686796,0.91411
1.9, 5.74898, -0.0361626,-3.37347,6.39746, 0.695937,0.903808
1.91, 5.74862, -0.0698974,-3.37293,6.40442, 0.704975,0.893369
1.92, 5.74792, -0.103627,-3.37188,6.41147, 0.713909,0.882794
1.93, 5.74689, -0.137346,-3.37033,6.41861, 0.722737,0.872086
1.94, 5.74551, -0.171049,-3.36827,6.42584, 0.731458,0.861244
1.95, 5.7438, -0.204732,-3.3657,6.43315, 0.74007,0.850272
1.96, 5.74175, -0.238389,-3.36263,6.44055, 0.748573,0.839172
1.97, 5.73937, -0.272015,-3.35906,6.44804, 0.756965,0.827943
1.98, 5.73665, -0.305605,-3.35498,6.45561, 0.765244,0.816588
1.99, 5.73359, -0.339155,-3.35039,6.46326, 0.77341,0.80511
2, 5.7302, -0.372659,-3.3453,6.47099, 0.781461,0.793509
2.01, 5.72648, -0.406112,-3.33972,6.47881, 0.789396,0.781787
2.02, 5.72242, -0.439509,-3.33362,6.4867, 0.797214,0.769946
2.03, 5.71802, -0.472846,-3.32703,6.49467, 0.804914,0.757988
2.04, 5.71329, -0.506116,-3.31994,6.50272, 0.812493,0.745914
2.05, 5.70823, -0.539315,-3.31235,6.51085, 0.819953,0.733727
2.06, 5.70284, -0.572439,-3.30426,6.51905, 0.82729,0.721427
2.07, 5.69711, -0.605481,-3.29567,6.52732, 0.834504,0.709018
2.08, 5.69106, -0.638438,-3.28659,6.53567, 0.841594,0.6965
2.09, 5.68467, -0.671304,-3.27701,6.54408, 0.848559,0.683877
2.1, 5.67796, -0.704074,-3.26694,6.55257, 0.855398,0.671148
2.11, 5.67092, -0.736743,-3.25638,6.56112, 0.862109,0.658317
2.12, 5.66355, -0.769307,-3.24533,6.56974, 0.868693,0.645385
2.13, 5.65586, -0.80176,-3.23379,6.57843, 0.875147,0.632355
2.14, 5.64784, -0.834098,-3.22176,6.58718, 0.88147,0.619228
2.15, 5.6395, -0.866316,-3.20925,6.596, 0.887662,0.606005
2.16, 5.63084, -0.898409,-3.19626,6.60487, 0.893722,0.592691
2.17, 5.62185, -0.930371,-3.18278,6.61381, 0.899649,0.579285
2.18, 5.61255, -0.962199,-3.16883,6.62281, 0.905442,0.56579
2.19, 5.60293, -0.993887,-3.15439,6.63186, 0.9111,0.552209
2.2, 5.59299, -1.02543,-3.13948,6.64097, 0.916622,0.538542
2.21, 5.58274, -1.05683,-3.1241,6.65014, 0.922008,0.524793
2.22, 5.57217, -1.08807,-3.10825,6.65936, 0.927255,0.510963
2.23, 5.56129, -1.11915,-3.09193,6.66863, 0.932365,0.497054
2.24, 5.55009, -1.15007,-3.07514,6.67795, 0.937336,0.483069
2.25, 5.53859, -1.18082,-3.05789,6.68733, 0.942166,0.469008
2.26, 5.52679, -1.2114,-3.04018,6.69675, 0.946856,0.454876
2.27, 5.51467, -1.2418,-3.02201,6.70622, 0.951405,0.440673
2.28, 5.50225, -1.27202,-3.00338,6.71573, 0.955812,0.426402
2.29, 5.48953, -1.30205,-2.9843,6.72529, 0.960076,0.412065
2.3, 5.47651, -1.3319,-2.96477,6.73489, 0.964197,0.397664
2.31, 5.46319, -1.36155,-2.94479,6.74453, 0.968173,0.3832
2.32, 5.44958, -1.39099,-2.92437,6.75421, 0.972005,0.368678
2.33, 5.43567, -1.42024,-2.9035,6.76393, 0.975692,0.354098
2.34, 5.42147, -1.44927,-2.8822,6.77369, 0.979233,0.339463
2.35, 5.40697, -1.47809,-2.86046,6.78348, 0.982628,0.324774
2.36, 5.39219, -1.5067,-2.83829,6.79331, 0.985875,0.310035
2.37, 5.37713, -1.53508,-2.81569,6.80317, 0.988976,0.295247
2.38, 5.36177, -1.56324,-2.79266,6.81306, 0.991928,0.280412
2.39, 5.34614, -1.59117,-2.76921,6.82298, 0.994732,0.265533
2.4, 5.33023, -1.61886,-2.74535,6.83293, 0.997388,0.250612
2.41, 5.31404, -1.64631,-2.72106,6.8429, 0.999894,0.235651
2.42, 5.29758, -1.67352,-2.69637,6.8529, 1.00225,0.220653
2.43, 5.28084, -1.70048,-2.67127,6.86292, 1.00446,0.205619
2.44, 5.26384, -1.7272,-2.64576,6.87297, 1.00651,0.190552
2.45, 5.24657, -1.75366,-2.61985,6.88303, 1.00842,0.175454
2.46, 5.22903, -1.77985,-2.59355,6.89311, 1.01017,0.160328
2.47, 5.21123, -1.80579,-2.56685,6.90322, 1.01178,0.145175
2.48, 5.19317, -1.83146,-2.53976,6.91333, 1.01323,0.129999
2.49, 5.17486, -1.85686,-2.51229,6.92347, 1.01453,0.114801
2.5, 5.15629, -1.88198,-2.48444,6.93361, 1.01568,0.0995829
2.51, 5.13747, -1.90682,-2.45621,6.94377, 1.01667,0.0843472
2.52, 5.1184, -1.93138,-2.4276,6.95394, 1.01752,0.0690973
2.53, 5.09909, -1.95566,-2.39863,6.96411, 1.01821,0.0538344
2.54, 5.07953, -1.97965,-2.3693,6.97429, 1.01874,0.0385616
2.55, 5.05974, -2.00334,-2.3396,6.98448, 1.01913,0.0232801
2.56, 5.0397, -2.02674,-2.30955,6.99467, 1.01936,0.0079937
2.57, 5.01944, -2.04983,-2.27915,7.00486, 1.01944,-0.00729704
2.58, 4.99894, -2.07262,-2.24841,7.01506, 1.01937,-0.0225885
2.59, 4.97821, -2.09511,-2.21732,7.02525, 1.01914,-0.0378792
2.6, 4.95726, -2.11728,-2.18589,7.03544, 1.01877,-0.0531664
2.61, 4.93609, -2.13914,-2.15413,7.04563, 1.01823,-0.0684478
2.62, 4.9147, -2.16068,-2.12204,7.05581, 1.01755,-0.0837214
2.63, 4.89309, -2.1819,-2.08963,7.06599, 1.01671,-0.0989842
2.64, 4.87127, -2.2028,-2.0569,7.07616, 1.01572,-0.114235
2.65, 4.84924, -2.22337,-2.02386,7.08631, 1.01458,-0.129471
2.66, 4.82701, -2.2436,-1.99051,7.09646, 1.01329,-0.14469
2.67, 4.80457, -2.26351,-1.95686,7.10659, 1.01184,-0.159889
2.68, 4.78194, -2.28308,-1.92291,7.11671, 1.01024,-0.175067
2.69, 4.75911, -2.30231,-1.88866,7.12681, 1.00849,-0.19022
2.7, 4.73608, -2.32119,-1.85412,7.1369, 1.00659,-0.205348
2.71, 4.71287, -2.33974,-1.81931,7.14696, 1.00453,-0.220446
2.72, 4.68947, -2.35793,-1.78421,7.15701, 1.00233,-0.235514
2.73, 4.66589, -2.37577,-1.74884,7.16703, 0.999973,-0.250549
2.74, 4.64214, -2.39326,-1.7132,7.17703, 0.997468,-0.265549
2.75, 4.6182, -2.41039,-1.67731,7.18701, 0.994812,-0.280511
2.76, 4.5941, -2.42716,-1.64115,7.19696, 0.992007,-0.295433
2.77, 4.56983, -2.44358,-1.60474,7.20688, 0.989053,-0.310313
2.78, 4.54539, -2.45962,-1.56809,7.21677, 0.98595,-0.325149
2.79, 4.5208, -2.4753,-1.5312,7.22663, 0.982698,-0.339938
2.8, 4.49604, -2.49062,-1.49407,7.23645, 0.979299,-0.354679
2.81, 4.47114, -2.50556,-1.45671,7.24625, 0.975752,-0.369368
2.82, 4.44608, -2.52012,-1.41912,7.256, 0.972059,-0.384004
2.83, 4.42088, -2.53431,-1.38132,7.26572, 0.968218,-0.398586
2.84, 4.39554, -2.54813,-1.34331,7.27541, 0.964233,-0.413109
2.85, 4.37006, -2.56156,-1.30508,7.28505, 0.960102,-0.427572
2.86, 4.34444, -2.57461,-1.26666,7.29465, 0.955826,-0.441974
2.87, 4.31869, -2.58728,-1.22804,7.30421, 0.951406,-0.456311
2.88, 4.29282, -2.59956,-1.18923,7.31372, 0.946843,-0.470582
2.89, 4.26683, -2.61145,-1.15024,7.32319, 0.942137,-0.484785
2.9, 4.24071, -2.62295,-1.11107,7.33261, 0.937289,-0.498917
2.91, 4.21448, -2.63406,-1.07172,7.34198, 0.9323,-0.512976
2.92, 4.18814, -2.64478,-1.03221,7.35131, 0.92717,-0.52696
2.93, 4.16169, -2.6551,-0.99254,7.36058, 0.921901,-0.540869
2.94, 4.13514, -2.66503,-0.952714,7.3698, 0.916492,-0.554697
2.95, 4.10849, -2.67456,-0.912739,7.37896, 0.910945,-0.568444
2.96, 4.08175, -2.68368,-0.87262,7.38807, 0.905261,-0.582108
2.97, 4.05491, -2.69241,-0.832365,7.39712, 0.89944,-0.595687
2.98, 4.02799, -2.70073,-0.791978,7.40612, 0.893483,-0.609179
2.99, 4.00098, -2.70865,-0.751468,7.41505, 0.887391,-0.622581
3, 3.97389, -2.71617,-0.710838,7.42393, 0.881165,-0.635892
3.01, 3.94673, -2.72328,-0.670095,7.43274, 0.874806,-0.64911
3.02, 3.9195, -2.72998,-0.629246,7.44149, 0.868315,-0.662232
3.03, 3.8922, -2.73627,-0.588296,7.45017, 0.861693,-0.675256
3.04, 3.86483, -2.74215,-0.547253,7.45879, 0.85494,-0.688182
3.05, 3.83741, -2.74763,-0.50612,7.46734, 0.848058,-0.701006
3.06, 3.80994, -2.75269,-0.464906,7.47582, 0.841048,-0.713727
3.07, 3.78241, -2.75734,-0.423616,7.48423, 0.833911,-0.726342
3.08, 3.75484, -2.76157,-0.382256,7.49257, 0.826648,-0.738851
3.09, 3.72722, -2.76539,-0.340832,7.50083, 0.819259,-0.75125
3.1, 3.69957, -2.7688,-0.299351,7.50903, 0.811747,-0.76354
3.11, 3.67188, -2.7718,-0.257819,7.51714, 0.804111,-0.775716
3.12, 3.64416, -2.77437,-0.216242,7.52518, 0.796354,-0.787778
3.13, 3.61642, -2.77654,-0.174626,7.53315, 0.788476,-0.799722
3.14, 3.58865, -2.77828,-0.132978,7.54103, 0.780479,-0.81155
3.15, 3.56087, -2.77961,-0.0913042,7.54884, 0.772364,-0.823257
3.16, 3.53307, -2.78053,-0.0496098,7.55656, 0.764131,-0.834842
3.17, 3.50527, -2.78102,-0.00790215,7.5642, 0.755783,-0.846304
3.18, 3.47746, -2.7811,0.0338134,7.57176, 0.74732,-0.857641
3.19, 3.44965, -2.78076,0.0755299,7.57923, 0.738743,-0.868851
3.2, 3.42184, -2.78001,0.117241,7.58662, 0.730055,-0.879932
3.21, 3.39404, -2.77884,0.158941,7.59392, 0.721255,-0.890883
3.22, 3.36625, -2.77725,0.200624,7.60113, 0.712346,-0.901701
3.23, 3.33848, -2.77524,0.242283,7.60826, 0.703329,-0.912387
3.24, 3.31073, -2.77282,0.283911,7.61529, 0.694206,-0.922937
3.25, 3.283, -2.76998,0.325504,7.62223, 0.684976,-0.93335
3.26, 3.2553, -2.76672,0.367053,7.62908, 0.675643,-0.943625
3.27, 3.22763, -2.76305,0.408554,7.63584, 0.666206,-0.953759
3.28, 3.2, -2.75897,0.45,7.6425, 0.656669,-0.963752
3.29, 3.17241, -2.75447,0.491384,7.64907, 0.647031,-0.973603
3.3, 3.14487, -2.74955,0.532701,7.65554, 0.637295,-0.983308
3.31, 3.11737, -2.74423,0.573944,7.66191, 0.627462,-0.992867
3.32, 3.08993, -2.73849,0.615108,7.66819, 0.617534,-1.00228
3.33, 3.06254, -2.73234,0.656185,7.67436, 0.607511,-1.01154
3.34, 3.03522, -2.72577,0.69717,7.68044, 0.597395,-1.02065
3.35, 3.00796, -2.7188,0.738057,7.68641, 0.587189,-1.02962
3.36, 2.98077, -2.71142,0.778839,7.69228, 0.576893,-1.03842
3.37, 2.95366, -2.70363,0.81951,7.69805, 0.566508,-1.04708
3.38, 2.92662, -2.69544,0.860065,7.70372, 0.556038,-1.05557
3.39, 2.89967, -2.68684,0.900496,7.70928, 0.545482,-1.06392
3.4, 2.8728, -2.67783,0.940799,7.71473, 0.534843,-1.0721
3.41, 2.84602, -2.66842,0.980966,7.72008, 0.524122,-1.08012
3.42, 2.81934, -2.65861,1.02099,7.72532, 0.513321,-1.08798
3.43, 2.79275, -2.6484,1.06087,7.73045, 0.502441,-1.09568
3.44, 2.76627, -2.6378,1.1006,7.73548, 0.491484,-1.10322
3.45, 2.73989, -2.62679,1.14016,7.74039, 0.480452,-1.11059
3.46, 2.71362, -2.61539,1.17957,7.7452, 0.469346,-1.1178
3.47, 2.68747, -2.60359,1.2188,7.74989, 0.458168,-1.12484
3.48, 2.66143, -2.5914,1.25785,7.75447, 0.44692,-1.13171
3.49, 2.63552, -2.57883,1.29672,7.75894, 0.435602,-1.13841
3.5, 2.60973, -2.56586,1.3354,7.7633, 0.424218,-1.14495
3.51, 2.58407, -2.5525,1.37389,7.76754, 0.412769,-1.15131
3.52, 2.55855, -2.53877,1.41218,7.77167, 0.401256,-1.1575
3.53, 2.53316, -2.52464,1.45026,7.77568, 0.389681,-1.16352
3.54, 2.50791, -2.51014,1.48813,7.77958, 0.378045,-1.16937
3.55, 2.48281, -2.49526,1.52578,7.78336, 0.366352,-1.17504
3.56, 2.45786, -2.48,1.56321,7.78702, 0.354601,-1.18053
3.57, 2.43306, -2.46437,1.60041,7.79057, 0.342796,-1.18585
3.58, 2.40841, -2.44837,1.63738,7.794, 0.330938,-1.19099
3.59, 2.38393, -2.43199,1.6741,7.79731, 0.319028,-1.19596
3.6, 2.35961, -2.41525,1.71058,7.8005, 0.307068,-1.20074
3.61, 2.33546, -2.39815,1.74681,7.80357, 0.295061,-1.20535
3.62, 2.31148, -2.38068,1.78278,7.80652, 0.283007,-1.20977
3.63, 2.28767, -2.36285,1.81849,7.80935, 0.270909,-1.21402
3.64, 2.26404, -2.34466,1.85394,7.81206, 0.258769,-1.21808
3.65, 2.2406, -2.32612,1.88911,7.81464, 0.246588,-1.22197
3.66, 2.21733, -2.30723,1.924,7.81711, 0.234369,-1.22566
3.67, 2.19426, -2.28799,1.95861,7.81945, 0.222112,-1.22918
3.68, 2.17138, -2.26841,1.99293,7.82167, 0.20982,-1.23251
3.69, 2.1487, -2.24848,2.02695,7.82377, 0.197495,-1.23566
3.7, 2.12621, -2.22821,2.06068,7.82575, 0.185139,-1.23862
3.71, 2.10393, -2.2076,2.0941,7.8276, 0.172752,-1.2414
3.72, 2.08185, -2.18666,2.12722,7.82933, 0.160338,-1.24399
3.73, 2.05999, -2.16539,2.16002,7.83093, 0.147898,-1.24639
3.74, 2.03833, -2.14379,2.1925,7.83241, 0.135435,-1.24861
3.75, 2.0169, -2.12186,2.22466,7.83376, 0.122948,-1.25064
3.76, 1.99568, -2.09962,2.25648,7.83499, 0.110442,-1.25249
3.77, 1.97468, -2.07705,2.28798,7.8361, 0.0979171,-1.25415
3.78, 1.95391, -2.05417,2.31913,7.83708, 0.0853756,-1.25561
3.79, 1.93337, -2.03098,2.34995,7.83793, 0.0728195,-1.25689
3.8, 1.91306, -2.00748,2.38041,7.83866, 0.0602505,-1.25799
3.81, 1.89298, -1.98368,2.41052,7.83926, 0.0476707,-1.25889
3.82, 1.87315, -1.95957,2.44028,7.83974, 0.0350818,-1.25961
3.83, 1.85355, -1.93517,2.46967,7.84009, 0.0224857,-1.26013
3.84, 1.8342, -1.91047,2.4987,7.84031, 0.00988437,-1.26047
3.85, 1.8151, -1.88549,2.52736,7.84041, -0.00272032,-1.26062
3.86, 1.79624, -1.86021,2.55564,7.84038, -0.0153265,-1.26058
3.87, 1.77764, -1.83466,2.58354,7.84023, -0.0279323,-1.26035
3.88, 1.75929, -1.80882,2.61106,7.83995, -0.0405357,-1.25993
3.89, 1.7412, -1.78271,2.63819,7.83955, -0.053135,-1.25932
3.9, 1.72338, -1.75633,2.66493,7.83902, -0.0657282,-1.25852
3.91, 1.70581, -1.72968,2.69128,7.83836, -0.0783134,-1.25754
3.92, 1.68852, -1.70277,2.71722,7.83757, -0.0908888,-1.25636
3.93, 1.67149, -1.67559,2.74277,7.83667, -0.103452,-1.255
3.94, 1.65473, -1.64817,2.7679,7.83563, -0.116002,-1.25345
3.95, 1.63825, -1.62049,2.79262,7.83447, -0.128537,-1.25171
3.96, 1.62205, -1.59256,2.81693,7.83319, -0.141054,-1.24978
3.97, 1.60612, -1.56439,2.84082,7.83178, -0.153552,-1.24766
3.98, 1.59048, -1.53598,2.86428,7.83024, -0.166028,-1.24536
3.99, 1.57512, -1.50734,2.88732,7.82858, -0.178482,-1.24287
4, 1.56004, -1.47847,2.90993,7.82679, -0.190911,-1.24019
4.01, 1.54526, -1.44937,2.93211,7.82489, -0.203313,-1.23733
4.02, 1.53077, -1.42005,2.95385,7.82285, -0.215686,-1.23428
4.03, 1.51657, -1.39051,2.97515,7.8207, -0.228029,-1.23104
4.04, 1.50266, -1.36076,2.99601,7.81842, -0.240339,-1.22762
4.05, 1.48905, -1.3308,3.01642,7.81601, -0.252615,-1.22402
4.06, 1.47574, -1.30063,3.03638,7.81349, -0.264856,-1.22023
4.07, 1.46274, -1.27027,3.05589,7.81084, -0.277058,-1.21626
4.08, 1.45004, -1.23971,3.07495,7.80807, -0.28922,-1.2121
4.09, 1.43764, -1.20896,3.09354,7.80517, -0.301341,-1.20776
4.1, 1.42555, -1.17802,3.11168,7.80216, -0.313419,-1.20324
4.11, 1.41377, -1.14691,3.12935,7.79903, -0.325451,-1.19854
4.12, 1.4023, -1.11561,3.14655,7.79577, -0.337437,-1.19366
4.13, 1.39114, -1.08415,3.16329,7.7924, -0.349373,-1.1886
4.14, 1.3803, -1.05252,3.17955,7.7889, -0.361259,-1.18336
4.15, 1.36978, -1.02072,3.19533,7.78529, -0.373093,-1.17794
4.16, 1.35957, -0.988767,3.21065,7.78156, -0.384872,-1.17234
4.17, 1.34968, -0.956661,3.22548,7.77771, -0.396596,-1.16657
4.18, 1.34012, -0.924406,3.23983,7.77375, -0.408261,-1.16062
4.19, 1.33087, -0.892008,3.25369,7.76966, -0.419868,-1.1545
4.2, 1.32195, -0.859471,3.26707,7.76546, -0.431413,-1.1482
4.21, 1.31336, -0.8268,3.27997,7.76115, -0.442895,-1.14173
4.22, 1.30509, -0.794001,3.29237,7.75672, -0.454312,-1.13508
4.23, 1.29715, -0.761077,3.30428,7.75218, -0.465663,-1.12827
4.24, 1.28954, -0.728034,3.31569,7.74752, -0.476945,-1.12128
4.25, 1.28226, -0.694877,3.32661,7.74275, -0.488158,-1.11413
4.26, 1.27531, -0.661611,3.33704,7.73787, -0.499299,-1.10681
4.27, 1.26869, -0.628241,3.34696,7.73288, -0.510368,-1.09932
4.28, 1.26241, -0.594771,3.35638,7.72777, -0.521361,-1.09166
4.29, 1.25646, -0.561207,3.36531,7.72256, -0.532277,-1.08384
4.3, 1.25085, -0.527554,3.37372,7.71724, -0.543116,-1.07586
4.31, 1.24557, -0.493817,3.38164,7.71181, -0.553874,-1.06771
4.32, 1.24064, -0.46,3.38905,7.70627, -0.564551,-1.0594
4.33, 1.23604, -0.42611,3.39595,7.70062, -0.575145,-1.05093
4.34, 1.23178, -0.392151,3.40234,7.69487, -0.585655,-1.04231
4.35, 1.22785, -0.358127,3.40822,7.68901, -0.596078,-1.03352
4.36, 1.22427, -0.324045,3.41359,7.68305, -0.606413,-1.02458
4.37, 1.22103, -0.289909,3.41845,7.67699, -0.616659,-1.01548
4.38, 1.21813, -0.255725,3.4228,7.67082, -0.626814,-1.00623
4.39, 1.21558, -0.221497,3.42664,7.66456, -0.636876,-0.996833
4.4, 1.21336, -0.18723,3.42996,7.65819, -0.646844,-0.98728
4.41, 1.21149, -0.152931,3.43277,7.65172, -0.656717,-0.977576
4.42, 1.20996, -0.118603,3.43506,7.64515, -0.666493,-0.967726
4.43, 1.20877, -0.0842524,3.43684,7.63849, -0.67617,-0.957729
4.44, 1.20793, -0.049884,3.4381,7.63172, -0.685747,-0.947586
4.45, 1.20743, -0.0155029,3.43885,7.62487, -0.695223,-0.9373
4.46, 1.20728, 0.0188856,3.43908,7.61791, -0.704596,-0.926871
4.47, 1.20747, 0.0532765,3.4388,7.61087, -0.713865,-0.916303
4.48, 1.208, 0.0876645,3.438,7.60373, -0.723028,-0.905595
4.49, 1.20888, 0.122044,3.43669,7.5965, -0.732084,-0.894749
4.5, 1.2101, 0.156411,3.43486,7.58918, -0.741032,-0.883768
4.51, 1.21166, 0.19076,3.43251,7.58177, -0.749869,-0.872652
4.52, 1.21357, 0.225085,3.42965,7.57427, -0.758596,-0.861405
4.53, 1.21582, 0.259382,3.42627,7.56668, -0.76721,-0.850026
4.54, 1.21841, 0.293644,3.42238,7.55901, -0.77571,-0.838517
4.55, 1.22135, 0.327868,3.41798,7.55125, -0.784095,-0.826881
4.56, 1.22463, 0.362048,3.41306,7.54341, -0.792364,-0.81512
4.57, 1.22825, 0.396178,3.40763,7.53549, -0.800515,-0.803235
4.58, 1.23221, 0.430255,3.40169,7.52748, -0.808548,-0.791227
4.59, 1.23651, 0.464272,3.39523,7.5194, -0.81646,-0.779099
4.6, 1.24115, 0.498224,3.38827,7.51123, -0.824251,-0.766852
4.61, 1.24614, 0.532107,3.3808,7.50299, -0.831919,-0.754488
4.62, 1.25146, 0.565915,3.37281,7.49467, -0.839464,-0.742009
4.63, 1.25712, 0.599643,3.36432,7.48628, -0.846884,-0.729417
4.64, 1.26311, 0.633286,3.35533,7.47781, -0.854178,-0.716714
4.65, 1.26945, 0.666839,3.34583,7.46927, -0.861346,-0.703901
4.66, 1.27611, 0.700298,3.33583,7.46065, -0.868385,-0.690981
4.67, 1.28312, 0.733656,3.32532,7.45197, -0.875294,-0.677955
4.68, 1.29045, 0.766909,3.31432,7.44322, -0.882074,-0.664826
4.69, 1.29812, 0.800052,3.30281,7.4344, -0.888722,-0.651595
4.7, 1.30612, 0.83308,3.29081,7.42551, -0.895238,-0.638264
4.71, 1.31445, 0.865989,3.27832,7.41656, -0.901621,-0.624835
4.72, 1.32311, 0.898772,3.26533,7.40754, -0.907869,-0.611311
4.73, 1.3321, 0.931425,3.25185,7.39846, -0.913982,-0.597693
4.74, 1.34142, 0.963943,3.23788,7.38932, -0.919959,-0.583983
4.75, 1.35106, 0.996322,3.22342,7.38012, -0.925799,-0.570184
4.76, 1.36102, 1.02856,3.20847,7.37086, -0.931501,-0.556297
4.77, 1.3713, 1.06064,3.19304,7.36155, -0.937064,-0.542325
4.78, 1.38191, 1.09257,3.17713,7.35218, -0.942487,-0.528269
4.79, 1.39284, 1.12434,3.16074,7.34275, -0.94777,-0.514132
4.8, 1.40408, 1.15595,3.14388,7.33328, -0.952911,-0.499914
4.81, 1.41564, 1.18739,3.12654,7.32375, -0.95791,-0.485621
4.82, 1.42751, 1.21865,3.10873,7.31417, -0.962767,-0.471253
4.83, 1.4397, 1.24974,3.09045,7.30454, -0.967479,-0.456811
4.84, 1.4522, 1.28065,3.0717,7.29487, -0.972047,-0.442298
4.85, 1.465, 1.31136,3.05249,7.28515, -0.97647,-0.427718
4.86, 1.47812, 1.34189,3.03282,7.27538, -0.980747,-0.413071
4.87, 1.49154, 1.37222,3.0127,7.26557, -0.984878,-0.39836
4.88, 1.50526, 1.40234,2.99211,7.25572, -0.988862,-0.383587
4.89, 1.51928, 1.43226,2.97108,7.24584, -0.992697,-0.368754
4.9, 1.5336, 1.46198,2.94959,7.23591, -0.996385,-0.353863
4.91, 1.54822, 1.49147,2.92766,7.22594, -0.999924,-0.338917
4.92, 1.56314, 1.52075,2.90529,7.21595, -1.00331,-0.323919
4.93, 1.57835, 1.5498,2.88248,7.20591, -1.00655,-0.308869
4.94, 1.59384, 1.57863,2.85923,7.19585, -1.00964,-0.293771
4.95, 1.60963, 1.60722,2.83555,7.18575, -1.01258,-0.278626
4.96, 1.6257, 1.63557,2.81144,7.17562, -1.01536,-0.263437
4.97, 1.64206, 1.66369,2.78691,7.16547, -1.018,-0.248207
4.98, 1.6587, 1.69156,2.76196,7.15529, -1.02048,-0.232937
4.99, 1.67561, 1.71918,2.73658,7.14509, -1.02281,-0.217629
5, 1.6928, 1.74654,2.7108,7.13486, -1.02499,-0.202287
5.01, 1.71027, 1.77365,2.6846,7.12461, -1.02701,-0.186913
5.02, 1.72801, 1.8005,2.65799,7.11434, -1.02888,-0.171508
5.03, 1.74601, 1.82708,2.63099,7.10405, -1.03059,-0.156075
5.04, 1.76428, 1.85339,2.60358,7.09374, -1.03215,-0.140616
5.05, 1.78281, 1.87942,2.57578,7.08342, -1.03356,-0.125133
5.06, 1.80161, 1.90518,2.54759,7.07309, -1.03481,-0.109629
5.07, 1.82066, 1.93066,2.51901,7.06274, -1.03591,-0.0941076
5.08, 1.83997, 1.95585,2.49005,7.05238, -1.03685,-0.0785687
5.09, 1.85953, 1.98075,2.46071,7.04201, -1.03764,-0.0630162
5.1, 1.87933, 2.00535,2.431,7.03163, -1.03827,-0.0474515
5.11, 1.89939, 2.02966,2.40092,7.02125, -1.03874,-0.0318775
5.12, 1.91968, 2.05367,2.37047,7.01086, -1.03906,-0.0162964
5.13, 1.94022, 2.07738,2.33967,7.00047, -1.03922,-0.000710964
5.14, 1.96099, 2.10077,2.30851,6.99008, -1.03923,0.0148773
5.15, 1.982, 2.12386,2.277,6.97969, -1.03908,0.0304663
5.16, 2.00324, 2.14663,2.24514,6.9693, -1.03878,0.0460525
5.17, 2.02471, 2.16908,2.21294,6.95891, -1.03831,0.0616336
5.18, 2.0464, 2.19121,2.1804,6.94853, -1.0377,0.0772083
5.19, 2.06831, 2.21301,2.14754,6.93815, -1.03693,0.0927744
5.2, 2.09044, 2.23449,2.11434,6.92778, -1.036,0.108328
5.21, 2.11278, 2.25563,2.08082,6.91742, -1.03492,0.123868
5.22, 2.13534, 2.27644,2.04699,6.90707, -1.03368,0.139392
5.23, 2.15811, 2.29691,2.01284,6.89674, -1.03228,0.154896
5.24, 2.18107, 2.31704,1.97839,6.88641, -1.03073,0.170381
5.25, 2.20424, 2.33682,1.94363,6.87611, -1.02903,0.185842
5.26, 2.22761, 2.35626,1.90858,6.86581, -1.02717,0.201277
5.27, 2.25118, 2.37535,1.87324,6.85554, -1.02516,0.216685
5.28, 2.27493, 2.39408,1.83761,6.84529, -1.02299,0.232063
5.29, 2.29887, 2.41245,1.8017,6.83506, -1.02067,0.247408
5.3, 2.32299, 2.43047,1.76551,6.82486, -1.0182,0.262718
5.31, 2.3473, 2.44813,1.72905,6.81467, -1.01557,0.277991
5.32, 2.37178, 2.46542,1.69233,6.80452, -1.01279,0.293224
5.33, 2.39643, 2.48234,1.65535,6.79439, -1.00986,0.308415
5.34, 2.42126, 2.49889,1.61811,6.78429, -1.00677,0.323564
5.35, 2.44625, 2.51507,1.58063,6.77422, -1.00354,0.338665
5.36, 2.4714, 2.53088,1.5429,6.76419, -1.00015,0.353718
5.37, 2.49671, 2.54631,1.50494,6.75419, -0.996614,0.368721
5.38, 2.52217, 2.56136,1.46675,6.74422, -0.992927,0.38367
5.39, 2.54778, 2.57603,1.42833,6.73429, -0.98909,0.398563
5.4, 2.57354, 2.59031,1.38969,6.7244, -0.985105,0.4134
5.41, 2.59945, 2.60421,1.35083,6.71455, -0.980971,0.428176
5.42, 2.62549, 2.61771,1.31177,6.70474, -0.976689,0.442891
5.43, 2.65167, 2.63083,1.2725,6.69497, -0.97226,0.457541
5.44, 2.67797, 2.64356,1.23304,6.68525, -0.967685,0.472125
5.45, 2.70441, 2.65589,1.19339,6.67557, -0.962963,0.486641
5.46, 2.73097, 2.66782,1.15355,6.66594, -0.958097,0.501085
5.47, 2.75765, 2.67936,1.11353,6.65636, -0.953086,0.515457
5.48, 2.78444, 2.69049,1.07334,6.64683, -0.947931,0.529753
5.49, 2.81134, 2.70123,1.03298,6.63735, -0.942634,0.543972
5.5, 2.83836, 2.71156,0.992464,6.62793, -0.937194,0.558111
5.51, 2.86547, 2.72148,0.951791,6.61855, -0.931613,0.57217
5.52, 2.89269, 2.731,0.910968,6.60924, -0.925891,0.586143
5.53, 2.92, 2.74011,0.870004,6.59998, -0.92003,0.600032
5.54, 2.9474, 2.74881,0.828902,6.59078, -0.91403,0.613832
5.55, 2.97489, 2.7571,0.78767,6.58164, -0.907891,0.627542
5.56, 3.00246, 2.76497,0.746314,6.57256, -0.901616,0.641161
5.57, 3.03011, 2.77244,0.704839,6.56354, -0.895204,0.654685
5.58, 3.05783, 2.77949,0.663252,6.55459, -0.888657,0.668113
5.59, 3.08563, 2.78612,0.62156,6.5457, -0.881976,0.681443
5.6, 3.11349, 2.79233,0.579768,6.53688, -0.875162,0.694673
5.61, 3.14141, 2.79813,0.537883,6.52813, -0.868215,0.707801
5.62, 3.16939, 2.80351,0.495911,6.51945, -0.861137,0.720823
5.63, 3.19743, 2.80847,0.453859,6.51084, -0.853929,0.733741
5.64, 3.22551, 2.81301,0.411732,6.5023, -0.846592,0.74655
5.65, 3.25364, 2.81712,0.369537,6.49383, -0.839126,0.759248
5.66, 3.28181, 2.82082,0.32728,6.48544, -0.831534,0.771835
5.67, 3.31002, 2.82409,0.284968,6.47713, -0.823815,0.784308
5.68, 3.33826, 2.82694,0.242606,6.46889, -0.815972,0.796665
5.69, 3.36653, 2.82937,0.200202,6.46073, -0.808005,0.808905
5.7, 3.39483, 2.83137,0.157761,6.45265, -0.799916,0.821025
5.71, 3.42314, 2.83295,0.115291,6.44465, -0.791706,0.833024
5.72, 3.45147, 2.8341,0.0727966,6.43673, -0.783376,0.844899
5.73, 3.47981, 2.83483,0.030285,6.4289, -0.774927,0.85665
5.74, 3.50816, 2.83513,-0.0122373,6.42115, -0.76636,0.868274
5.75, 3.53651, 2.83501,-0.0547643,6.41349, -0.757678,0.87977
5.76, 3.56486, 2.83446,-0.0972894,6.40591, -0.74888,0.891135
5.77, 3.5932, 2.83349,-0.139806,6.39842, -0.739969,0.902368
5.78, 3.62154, 2.83209,-0.182309,6.39102, -0.730945,0.913467
5.79, 3.64986, 2.83027,-0.22479,6.38371, -0.72181,0.924432
5.8, 3.67816, 2.82802,-0.267244,6.37649, -0.712566,0.935258
5.81, 3.70644, 2.82535,-0.309664,6.36937, -0.703213,0.945947
5.82, 3.7347, 2.82225,-0.352045,6.36234, -0.693754,0.956495
5.83, 3.76292, 2.81873,-0.394378,6.3554, -0.684189,0.966902
5.84, 3.79111, 2.81479,-0.436659,6.34856, -0.67452,0.977165
5.85, 3.81925, 2.81042,-0.478881,6.34181, -0.664748,0.987283
5.86, 3.84736, 2.80563,-0.521037,6.33516, -0.654875,0.997254
5.87, 3.87541, 2.80042,-0.563122,6.32862, -0.644903,1.00708
5.88, 3.90342, 2.79479,-0.605128,6.32217, -0.634832,1.01675
5.89, 3.93137, 2.78874,-0.64705,6.31582, -0.624665,1.02627
5.9, 3.95925, 2.78227,-0.688881,6.30957, -0.614402,1.03564
5.91, 3.98708, 2.77538,-0.730615,6.30343, -0.604046,1.04486
5.92, 4.01483, 2.76807,-0.772246,6.29739, -0.593597,1.05392
5.93, 4.04251, 2.76035,-0.813767,6.29145, -0.583058,1.06282
5.94, 4.07011, 2.75221,-0.855172,6.28562, -0.572429,1.07157
5.95, 4.09764, 2.74366,-0.896455,6.2799, -0.561714,1.08016
5.96, 4.12507, 2.7347,-0.93761,6.27428, -0.550912,1.08858
5.97, 4.15242, 2.72532,-0.978631,6.26877, -0.540026,1.09685
5.98, 4.17967, 2.71553,-1.01951,6.26337, -0.529058,1.10495
5.99, 4.20683, 2.70534,-1.06024,6.25808, -0.518009,1.11288
6, 4.23388, 2.69474,-1.10082,6.2529, -0.50688,1.12065
6.01, 4.26083, 2.68373,-1.14124,6.24783, -0.495673,1.12825
6.02, 4.28767, 2.67232,-1.1815,6.24287, -0.484391,1.13569
6.03, 4.31439, 2.6605,-1.22159,6.23803, -0.473034,1.14296
6.04, 4.341, 2.64829,-1.26149,6.2333, -0.461604,1.15005
6.05, 4.36748, 2.63567,-1.30122,6.22868, -0.450104,1.15698
6.06, 4.39383, 2.62266,-1.34075,6.22418, -0.438534,1.16373
6.07, 4.42006, 2.60925,-1.38009,6.2198, -0.426897,1.17031
6.08, 4.44615, 2.59545,-1.41923,6.21553, -0.415194,1.17671
6.09, 4.47211, 2.58126,-1.45816,6.21138, -0.403427,1.18294
6.1, 4.49792, 2.56668,-1.49688,6.20734, -0.391597,1.18899
6.11, 4.52359, 2.55171,-1.53538,6.20343, -0.379707,1.19486
6.12, 4.5491, 2.53635,-1.57366,6.19963, -0.367759,1.20056
6.13, 4.57447, 2.52062,-1.6117,6.19595, -0.355753,1.20607
6.14, 4.59967, 2.5045,-1.64951,6.19239, -0.343692,1.21141
6.15, 4.62472, 2.488,-1.68708,6.18896, -0.331578,1.21656
6.16, 4.6496, 2.47113,-1.7244,6.18564, -0.319413,1.22154
6.17, 4.67431, 2.45389,-1.76147,6.18245, -0.307197,1.22633
6.18, 4.69885, 2.43627,-1.79827,6.17937, -0.294934,1.23094
6.19, 4.72321, 2.41829,-1.83482,6.17643, -0.282625,1.23536
6.2, 4.7474, 2.39994,-1.87109,6.1736, -0.270271,1.2396
6.21, 4.77139, 2.38123,-1.90709,6.1709, -0.257875,1.24366
6.22, 4.79521, 2.36216,-1.94281,6.16832, -0.245438,1.24752
6.23, 4.81883, 2.34273,-1.97824,6.16586, -0.232963,1.2512
6.24, 4.84226, 2.32295,-2.01338,6.16353, -0.220451,1.2547
6.25, 4.86549, 2.30282,-2.04823,6.16133, -0.207904,1.25801
6.26, 4.88851, 2.28234,-2.08277,6.15925, -0.195324,1.26112
6.27, 4.91134, 2.26151,-2.11701,6.1573, -0.182713,1.26406
6.28, 4.93395, 2.24034,-2.15093,6.15547, -0.170072,1.2668
6.29, 4.95636, 2.21883,-2.18453,6.15377, -0.157404,1.26935
6.3, 4.97854, 2.19698,-2.21782,6.15219, -0.144711,1.27171
6.31, 5.00051, 2.1748,-2.25077,6.15075, -0.131994,1.27388
6.32, 5.02226, 2.1523,-2.28339,6.14943, -0.119255,1.27586
6.33, 5.04378, 2.12946,-2.31568,6.14824, -0.106496,1.27765
6.34, 5.06508, 2.10631,-2.34762,6.14717, -0.0937199,1.27924
6.35, 5.08614, 2.08283,-2.37921,6.14623, -0.0809275,1.28065
6.36, 5.10697, 2.05904,-2.41046,6.14542, -0.068121,1.28186
6.37, 5.12756, 2.03493,-2.44134,6.14474, -0.0553024,1.28289
6.38, 5.14791, 2.01052,-2.47187,6.14419, -0.0424735,1.28372
6.39, 5.16802, 1.9858,-2.50202,6.14376, -0.0296363,1.28435
6.4, 5.18787, 1.96078,-2.53181,6.14347, -0.0167928,1.2848
6.41, 5.20748, 1.93546,-2.56122,6.1433, -0.00394484,1.28505
6.42, 5.22684, 1.90985,-2.59025,6.14326, 0.00890565,1.28511
6.43, 5.24593, 1.88395,-2.6189,6.14335, 0.0217567,1.28497
6.44, 5.26477, 1.85776,-2.64716,6.14357, 0.0346065,1.28465
6.45, 5.28335, 1.83129,-2.67503,6.14391, 0.047453,1.28413
6.46, 5.30166, 1.80454,-2.7025,6.14439, 0.0602943,1.28342
6.47, 5.31971, 1.77751,-2.72956,6.14499, 0.0731284,1.28251
6.48, 5.33749, 1.75022,-2.75623,6.14572, 0.0859536,1.28142
6.49, 5.35499, 1.72265,-2.78248,6.14658, 0.0987677,1.28013
6.5, 5.37221, 1.69483,-2.80832,6.14757, 0.111569,1.27865
6.51, 5.38916, 1.66675,-2.83374,6.14869, 0.124355,1.27697
6.52, 5.40583, 1.63841,-2.85874,6.14993, 0.137125,1.27511
6.53, 5.42221, 1.60982,-2.88332,6.1513, 0.149876,1.27305
6.54, 5.43831, 1.58099,-2.90747,6.1528, 0.162607,1.2708
6.55, 5.45412, 1.55191,-2.93118,6.15443, 0.175315,1.26836
6.56, 5.46964, 1.5226,-2.95446,6.15618, 0.187998,1.26573
6.57, 5.48487, 1.49306,-2.9773,6.15806, 0.200656,1.26291
6.58, 5.4998, 1.46328,-2.9997,6.16006, 0.213285,1.2599
6.59, 5.51443, 1.43329,-3.02165,6.1622, 0.225884,1.2567
6.6, 5.52876, 1.40307,-3.04314,6.16446, 0.238451,1.25332
6.61, 5.54279, 1.37264,-3.06419,6.16684, 0.250984,1.24974
6.62, 5.55652, 1.342,-3.08478,6.16935, 0.263481,1.24597
6.63, 5.56994, 1.31115,-3.10491,6.17199, 0.275941,1.24202
6.64, 5.58305, 1.2801,-3.12458,6.17475, 0.288361,1.23788
6.65, 5.59585, 1.24885,-3.14378,6.17763, 0.30074,1.23356
6.66, 5.60834, 1.21742,-3.16251,6.18064, 0.313076,1.22905
6.67, 5.62052, 1.18579,-3.18077,6.18377, 0.325366,1.22435
6.68, 5.63237, 1.15398,-3.19856,6.18702, 0.33761,1.21947
6.69, 5.64391, 1.122,-3.21587,6.1904, 0.349804,1.2144
6.7, 5.65513, 1.08984,-3.2327,6.19389, 0.361948,1.20916
6.71, 5.66603, 1.05751,-3.24905,6.19751, 0.37404,1.20373
6.72, 5.67661, 1.02502,-3.26491,6.20125, 0.386077,1.19812
6.73, 5.68686, 0.992373,-3.28029,6.20512, 0.398058,1.19233
6.74, 5.69678, 0.959571,-3.29517,6.2091, 0.409982,1.18636
6.75, 5.70638, 0.926619,-3.30956,6.2132, 0.421845,1.18021
6.76, 5.71564, 0.893523,-3.32346,6.21741, 0.433647,1.17388
6.77, 5.72458, 0.860289,-3.33687,6.22175, 0.445386,1.16737
6.78, 5.73318, 0.82692,-3.34977,6.2262, 0.45706,1.16069
6.79, 5.74145, 0.793422,-3.36217,6.23078, 0.468667,1.15384
6.8, 5.74938, 0.7598,-3.37408,6.23546, 0.480205,1.14681
6.81, 5.75698, 0.72606,-3.38547,6.24026, 0.491673,1.1396
6.82, 5.76424, 0.692205,-3.39636,6.24518, 0.503069,1.13223
6.83, 5.77116, 0.658241,-3.40675,6.25021, 0.514392,1.12468
6.84, 5.77775, 0.624174,-3.41662,6.25536, 0.525638,1.11697
6.85, 5.78399, 0.590008,-3.42598,6.26061, 0.536808,1.10908
6.86, 5.78989, 0.555748,-3.43483,6.26598, 0.547899,1.10103
6.87, 5.79545, 0.521399,-3.44317,6.27146, 0.558909,1.09281
6.88, 5.80066, 0.486968,-3.45099,6.27705, 0.569837,1.08443
6.89, 5.80553, 0.452458,-3.45829,6.28275, 0.580682,1.07588
6.9, 5.81005, 0.417875,-3.46508,6.28855, 0.59144,1.06717
6.91, 5.81423, 0.383224,-3.47135,6.29447, 0.602112,1.0583
6.92, 5.81807, 0.348511,-3.4771,6.30049, 0.612695,1.04927
6.93, 5.82155, 0.31374,-3.48233,6.30662, 0.623188,1.04008
6.94, 5.82469, 0.278916,-3.48703,6.31285, 0.633589,1.03073
6.95, 5.82748, 0.244046,-3.49122,6.31918, 0.643896,1.02122
6.96, 5.82992, 0.209134,-3.49488,6.32562, 0.654108,1.01157
6.97, 5.83201, 0.174185,-3.49801,6.33216, 0.664224,1.00175
6.98, 5.83375, 0.139205,-3.50063,6.33881, 0.674241,0.991791
6.99, 5.83514, 0.104199,-3.50271,6.34555, 0.684159,0.981678
7, 5.83619, 0.0691715,-3.50428,6.35239, 0.693976,0.971416
7.01, 5.83688, 0.0341288,-3.50532,6.35933, 0.70369,0.961006
7.02, 5.83722, -0.000924381,-3.50583,6.36637, 0.7133,0.95045
7.03, 5.83721, -0.0359827,-3.50581,6.3735, 0.722805,0.939752
7.04, 5.83685, -0.0710408,-3.50527,6.38073, 0.732202,0.928909
7.05, 5.83614, -0.106094,-3.50421,6.38805, 0.741491,0.917926
7.06, 5.83508, -0.141136,-3.50262,6.39546, 0.750671,0.906804
7.07, 5.83367, -0.176162,-3.5005,6.40297, 0.759739,0.895544
7.08, 5.8319, -0.211167,-3.49786,6.41057, 0.768694,0.884148
7.09, 5.82979, -0.246145,-3.49469,6.41826, 0.777536,0.872617
7.1, 5.82733, -0.281092,-3.491,6.42603, 0.786262,0.860954
7.11, 5.82452, -0.316002,-3.48678,6.43389, 0.794871,0.84916
7.12, 5.82136, -0.35087,-3.48204,6.44184, 0.803363,0.837237
7.13, 5.81785, -0.38569,-3.47678,6.44988, 0.811735,0.825187
7.14, 5.814, -0.420458,-3.47099,6.45799, 0.819987,0.81301
7.15, 5.80979, -0.455168,-3.46469,6.46619, 0.828117,0.800711
7.16, 5.80524, -0.489815,-3.45786,6.47447, 0.836124,0.788289
7.17, 5.80034, -0.524394,-3.45051,6.48284, 0.844007,0.775747
7.18, 5.7951, -0.558899,-3.44265,6.49128, 0.851765,0.763087
7.19, 5.78951, -0.593325,-3.43426,6.49979, 0.859396,0.75031
7.2, 5.78357, -0.627668,-3.42536,6.50839, 0.866899,0.73742
7.21, 5.7773, -0.661921,-3.41595,6.51706, 0.874273,0.724416
7.22, 5.77068, -0.696081,-3.40602,6.5258, 0.881517,0.711303
7.23, 5.76372, -0.730141,-3.39558,6.53461, 0.88863,0.69808
7.24, 5.75642, -0.764097,-3.38462,6.5435, 0.895611,0.68475
7.25, 5.74878, -0.797943,-3.37316,6.55246, 0.902458,0.671316
7.26, 5.7408, -0.831675,-3.36119,6.56148, 0.909172,0.657779
7.27, 5.73248, -0.865287,-3.34872,6.57057, 0.915749,0.644141
7.28, 5.72383, -0.898774,-3.33574,6.57973, 0.922191,0.630405
7.29, 5.71484, -0.932131,-3.32226,6.58895, 0.928495,0.616573
7.3, 5.70552, -0.965354,-3.30828,6.59824, 0.934661,0.602645
7.31, 5.69586, -0.998436,-3.2938,6.60758, 0.940687,0.588625
7.32, 5.68588, -1.03137,-3.27882,6.61699, 0.946573,0.574515
7.33, 5.67557, -1.06416,-3.26335,6.62646, 0.952318,0.560316
7.34, 5.66492, -1.0968,-3.24739,6.63598, 0.957922,0.546031
7.35, 5.65396, -1.12927,-3.23093,6.64556, 0.963382,0.531662
7.36, 5.64266, -1.16158,-3.214,6.65519, 0.968698,0.517211
7.37, 5.63105, -1.19372,-3.19657,6.66488, 0.973871,0.502681
7.38, 5.61911, -1.22568,-3.17867,6.67462, 0.978897,0.488073
7.39, 5.60685, -1.25747,-3.16028,6.68441, 0.983778,0.47339
7.4, 5.59428, -1.28907,-3.14142,6.69424, 0.988512,0.458633
7.41, 5.58139, -1.32049,-3.12208,6.70413, 0.993098,0.443805
7.42, 5.56818, -1.35171,-3.10228,6.71406, 0.997536,0.428909
7.43, 5.55467, -1.38273,-3.082,6.72404, 1.00183,0.413946
7.44, 5.54084, -1.41355,-3.06126,6.73405, 1.00596,0.398918
7.45, 5.5267, -1.44416,-3.04006,6.74411, 1.00995,0.383829
7.46, 5.51226, -1.47457,-3.01839,6.75421, 1.01379,0.36868
7.47, 5.49752, -1.50475,-2.99627,6.76435, 1.01748,0.353473
7.48, 5.48247, -1.53471,-2.9737,6.77453, 1.02101,0.338211
7.49, 5.46712, -1.56445,-2.95068,6.78474, 1.0244,0.322896
7.5, 5.45148, -1.59396,-2.92722,6.79498, 1.02763,0.307529
7.51, 5.43554, -1.62323,-2.90331,6.80526, 1.0307,0.292115
7.52, 5.41931, -1.65226,-2.87896,6.81556, 1.03362,0.276654
7.53, 5.40278, -1.68105,-2.85417,6.8259, 1.03639,0.261151
7.54, 5.38597, -1.70959,-2.82896,6.83626, 1.039,0.245605
7.55, 5.36888, -1.73788,-2.80331,6.84665, 1.04146,0.23002
7.56, 5.3515, -1.76592,-2.77725,6.85707, 1.04376,0.214398
7.57, 5.33384, -1.79369,-2.75076,6.86751, 1.0459,0.198741
7.58, 5.3159, -1.8212,-2.72385,6.87796, 1.04789,0.183053
7.59, 5.29769, -1.84843,-2.69653,6.88844, 1.04972,0.167335
7.6, 5.2792, -1.8754,-2.66881,6.89894, 1.05139,0.151588
7.61, 5.26045, -1.90209,-2.64068,6.90945, 1.05291,0.135818
7.62, 5.24143, -1.92849,-2.61214,6.91998, 1.05427,0.120024
7.63, 5.22215, -1.95462,-2.58322,6.93053, 1.05547,0.104211
7.64, 5.2026, -1.98045,-2.5539,6.94108, 1.05651,0.0883784
7.65, 5.18279, -2.00599,-2.52419,6.95165, 1.05739,0.0725305
7.66, 5.16273, -2.03123,-2.4941,6.96222, 1.05812,0.0566697
7.67, 5.14242, -2.05617,-2.46363,6.9728, 1.05868,0.0407982
7.68, 5.12186, -2.08081,-2.43279,6.98339, 1.05909,0.0249181
7.69, 5.10105, -2.10513,-2.40158,6.99398, 1.05934,0.00903153
7.7, 5.08, -2.12915,-2.37,7.00457, 1.05943,-0.00685859
7.71, 5.05871, -2.15285,-2.33806,7.01517, 1.05936,-0.0227501
7.72, 5.03718, -2.17623,-2.30577,7.02576, 1.05913,-0.0386403
7.73, 5.01542, -2.19929,-2.27313,7.03635, 1.05875,-0.0545275
7.74, 4.99343, -2.22202,-2.24014,7.04694, 1.0582,-0.0704091
7.75, 4.97121, -2.24442,-2.20681,7.05752, 1.0575,-0.086282
7.76, 4.94876, -2.26649,-2.17314,7.0681, 1.05664,-0.102144
7.77, 4.9261, -2.28822,-2.13915,7.07866, 1.05561,-0.117994
7.78, 4.90321, -2.30961,-2.10482,7.08922, 1.05443,-0.133828
7.79, 4.88012, -2.33066,-2.07018,7.09976, 1.0531,-0.149644
7.8, 4.85681, -2.35136,-2.03522,7.11029, 1.0516,-0.165441
7.81, 4.8333, -2.37171,-1.99995,7.12081, 1.04995,-0.181215
7.82, 4.80958, -2.39171,-1.96437,7.13131, 1.04813,-0.196964
7.83, 4.78566, -2.41136,-1.9285,7.14179, 1.04616,-0.212686
7.84, 4.76155, -2.43064,-1.89233,7.15225, 1.04404,-0.228378
7.85, 4.73724, -2.44956,-1.85587,7.16269, 1.04175,-0.24404
7.86, 4.71275, -2.46812,-1.81912,7.17311, 1.03931,-0.259666
7.87, 4.68807, -2.48631,-1.7821,7.1835, 1.03672,-0.275255
7.88, 4.6632, -2.50414,-1.74481,7.19387, 1.03396,-0.290806
7.89, 4.63816, -2.52158,-1.70724,7.20421, 1.03106,-0.306315
7.9, 4.61295, -2.53866,-1.66942,7.21452, 1.02799,-0.321781
7.91, 4.58756, -2.55535,-1.63134,7.2248, 1.02477,-0.337201
7.92, 4.56201, -2.57166,-1.59301,7.23505, 1.0214,-0.352572
7.93, 4.53629, -2.58759,-1.55444,7.24526, 1.01788,-0.367894
7.94, 4.51041, -2.60314,-1.51562,7.25544, 1.0142,-0.383162
7.95, 4.48438, -2.61829,-1.47657,7.26558, 1.01037,-0.398375
7.96, 4.4582, -2.63306,-1.4373,7.27569, 1.00638,-0.41353
7.97, 4.43187, -2.64743,-1.3978,7.28575, 1.00225,-0.428626
7.98, 4.40539, -2.66141,-1.35809,7.29577, 0.997961,-0.44366
7.99, 4.37878, -2.67499,-1.31817,7.30575, 0.993524,-0.458629
