No iterations: 200
Time (s), Position 1 (m), Velocity 1 (m s-1), Acceleration 1 (m s-2), Position 2 (m), Velocity 2 (m s-1), Acceleration 2 (m s-2)
0, 1, -1,0,2, 1,0
0.01, 0.99, -1,0.394784,2.01, 1,-0.394784
0.02, 0.98, -0.996052,0.789568,2.02, 0.996052,-0.789568
0.03, 0.970039, -0.988156,1.1828,2.02996, 0.988156,-1.1828
0.04, 0.960158, -0.976329,1.5729,2.03984, 0.976329,-1.5729
0.05, 0.950395, -0.9606,1.95834,2.04961, 0.960599,-1.95834
0.06, 0.940789, -0.941016,2.33757,2.05921, 0.941016,-2.33757
0.07, 0.931378, -0.91764,2.70907,2.06862, 0.91764,-2.70907
0.08, 0.922202, -0.89055,3.07134,2.0778, 0.89055,-3.07134
0.09, 0.913297, -0.859836,3.42292,2.0867, 0.859836,-3.42292
0.1, 0.904698, -0.825607,3.76237,2.0953, 0.825607,-3.76237
0.11, 0.896442, -0.787983,4.0883,2.10356, 0.787983,-4.0883
0.12, 0.888562, -0.7471,4.39938,2.11144, 0.7471,-4.39939
0.13, 0.881091, -0.703107,4.69433,2.11891, 0.703107,-4.69432
0.14, 0.87406, -0.656163,4.9719,2.12594, 0.656163,-4.97191
0.15, 0.867499, -0.606444,5.23095,2.1325, 0.606444,-5.23094
0.16, 0.861434, -0.554135,5.47036,2.13857, 0.554135,-5.47036
0.17, 0.855893, -0.499431,5.68912,2.14411, 0.499431,-5.68912
0.18, 0.850898, -0.44254,5.88629,2.1491, 0.44254,-5.88629
0.19, 0.846473, -0.383677,6.061,2.15353, 0.383677,-6.061
0.2, 0.842636, -0.323067,6.21247,2.15736, 0.323067,-6.21247
0.21, 0.839406, -0.260943,6.34001,2.16059, 0.260943,-6.34001
0.22, 0.836796, -0.197542,6.44303,2.1632, 0.197542,-6.44302
0.23, 0.834821, -0.133112,6.52101,2.16518, 0.133112,-6.52102
0.24, 0.83349, -0.067902,6.57357,2.16651, 0.067902,-6.57357
0.25, 0.832811, -0.00216638,6.60037,2.16719, 0.00216635,-6.60037
0.26, 0.832789, 0.0638373,6.60123,2.16721, -0.0638374,-6.60123
0.27, 0.833427, 0.12985,6.57602,2.16657, -0.12985,-6.57602
0.28, 0.834726, 0.19561,6.52476,2.16527, -0.19561,-6.52476
0.29, 0.836682, 0.260857,6.44754,2.16332, -0.260857,-6.44753
0.3, 0.839291, 0.325333,6.34455,2.16071, -0.325333,-6.34455
0.31, 0.842544, 0.388778,6.21612,2.15746, -0.388778,-6.21612
0.32, 0.846432, 0.45094,6.06263,2.15357, -0.45094,-6.06263
0.33, 0.850941, 0.511566,5.88461,2.14906, -0.511566,-5.88461
0.34, 0.856057, 0.570412,5.68265,2.14394, -0.570412,-5.68265
0.35, 0.861761, 0.627239,5.45746,2.13824, -0.627239,-5.45746
0.36, 0.868033, 0.681813,5.20984,2.13197, -0.681813,-5.20984
0.37, 0.874851, 0.733912,4.94067,2.12515, -0.733912,-4.94067
0.38, 0.88219, 0.783318,4.65093,2.11781, -0.783318,-4.65093
0.39, 0.890024, 0.829828,4.34169,2.10998, -0.829828,-4.34169
0.4, 0.898322, 0.873245,4.01409,2.10168, -0.873245,-4.01409
0.41, 0.907054, 0.913385,3.66934,2.09295, -0.913385,-3.66934
0.42, 0.916188, 0.950079,3.30876,2.08381, -0.950079,-3.30876
0.43, 0.925689, 0.983166,2.93368,2.07431, -0.983166,-2.93368
0.44, 0.935521, 1.0125,2.54554,2.06448, -1.0125,-2.54554
0.45, 0.945646, 1.03796,2.14582,2.05435, -1.03796,-2.14582
0.46, 0.956025, 1.05942,1.73605,2.04397, -1.05942,-1.73605
0.47, 0.966619, 1.07678,1.31781,2.03338, -1.07678,-1.31781
0.48, 0.977387, 1.08996,0.892717,2.02261, -1.08996,-0.892718
0.49, 0.988287, 1.09888,0.46242,2.01171, -1.09888,-0.462421
0.5, 0.999276, 1.10351,0.0285956,2.00072, -1.10351,-0.0285948
0.51, 1.01031, 1.10379,-0.407048,1.98969, -1.10379,0.407048
0.52, 1.02135, 1.09972,-0.842809,1.97865, -1.09972,0.842809
0.53, 1.03235, 1.09129,-1.27696,1.96765, -1.09129,1.27696
0.54, 1.04326, 1.07852,-1.70779,1.95674, -1.07852,1.70779
0.55, 1.05404, 1.06145,-2.13357,1.94596, -1.06145,2.13357
0.56, 1.06466, 1.04011,-2.55262,1.93534, -1.04011,2.55262
0.57, 1.07506, 1.01458,-2.96323,1.92494, -1.01458,2.96323
0.58, 1.08521, 0.984953,-3.36378,1.91479, -0.984952,3.36378
0.59, 1.09505, 0.951315,-3.75262,1.90495, -0.951315,3.75262
0.6, 1.10457, 0.913789,-4.12818,1.89543, -0.913789,4.12818
0.61, 1.11371, 0.872507,-4.48893,1.88629, -0.872507,4.48893
0.62, 1.12243, 0.827617,-4.83338,1.87757, -0.827617,4.83338
0.63, 1.13071, 0.779284,-5.16012,1.86929, -0.779284,5.16012
0.64, 1.1385, 0.727682,-5.46776,1.8615, -0.727682,5.46776
0.65, 1.14578, 0.673005,-5.75504,1.85422, -0.673005,5.75504
0.66, 1.15251, 0.615454,-6.02073,1.84749, -0.615454,6.02073
0.67, 1.15866, 0.555247,-6.2637,1.84134, -0.555247,6.2637
0.68, 1.16421, 0.49261,-6.48291,1.83579, -0.49261,6.48291
0.69, 1.16914, 0.427781,-6.67738,1.83086, -0.427781,6.67738
0.7, 1.17342, 0.361007,-6.84627,1.82658, -0.361007,6.84627
0.71, 1.17703, 0.292544,-6.98878,1.82297, -0.292544,6.98878
0.72, 1.17995, 0.222657,-7.10427,1.82005, -0.222657,7.10427
0.73, 1.18218, 0.151614,-7.19218,1.81782, -0.151614,7.19218
0.74, 1.1837, 0.0796921,-7.25203,1.8163, -0.0796921,7.25203
0.75, 1.18449, 0.00717185,-7.28349,1.81551, -0.0071718,7.28349
0.76, 1.18456, -0.0656631,-7.28632,1.81544, 0.0656631,7.28632
0.77, 1.18391, -0.138526,-7.2604,1.81609, 0.138526,7.2604
0.78, 1.18252, -0.21113,-7.20571,1.81748, 0.21113,7.20571
0.79, 1.18041, -0.283187,-7.12236,1.81959, 0.283187,7.12236
0.8, 1.17758, -0.354411,-7.01056,1.82242, 0.354411,7.01056
0.81, 1.17404, -0.424517,-6.87065,1.82596, 0.424517,6.87065
0.82, 1.16979, -0.493223,-6.70306,1.83021, 0.493223,6.70306
0.83, 1.16486, -0.560254,-6.50834,1.83514, 0.560254,6.50834
0.84, 1.15926, -0.625337,-6.28716,1.84074, 0.625337,6.28716
0.85, 1.153, -0.688209,-6.04029,1.847, 0.688209,6.04029
0.86, 1.14612, -0.748612,-5.76859,1.85388, 0.748612,5.76859
0.87, 1.13863, -0.806298,-5.47305,1.86137, 0.806298,5.47305
0.88, 1.13057, -0.861028,-5.15474,1.86943, 0.861028,5.15474
0.89, 1.12196, -0.912575,-4.81482,1.87804, 0.912575,4.81482
0.9, 1.11284, -0.960724,-4.45455,1.88716, 0.960724,4.45455
0.91, 1.10323, -1.00527,-4.07527,1.89677, 1.00527,4.07527
0.92, 1.09318, -1.04602,-3.6784,1.90682, 1.04602,3.6784
0.93, 1.08271, -1.08281,-3.26545,1.91729, 1.08281,3.26545
0.94, 1.07189, -1.11546,-2.83798,1.92811, 1.11546,2.83798
0.95, 1.06073, -1.14384,-2.39761,1.93927, 1.14384,2.39761
0.96, 1.04929, -1.16782,-1.94604,1.95071, 1.16782,1.94604
0.97, 1.03762, -1.18728,-1.48501,1.96238, 1.18728,1.48501
0.98, 1.02574, -1.20213,-1.01629,1.97426, 1.20213,1.01629
0.99, 1.01372, -1.21229,-0.541707,1.98628, 1.21229,0.541707
1, 1.0016, -1.21771,-0.0631148,1.9984, 1.21771,0.0631148
1.01, 0.989422, -1.21834,0.417617,2.01058, 1.21834,-0.417618
1.02, 0.977238, -1.21416,0.898598,2.02276, 1.21416,-0.898599
1.03, 0.965097, -1.20518,1.37793,2.0349, 1.20518,-1.37793
1.04, 0.953045, -1.1914,1.85371,2.04696, 1.1914,-1.85371
1.05, 0.941131, -1.17286,2.32406,2.05887, 1.17286,-2.32406
1.06, 0.929402, -1.14962,2.78708,2.0706, 1.14962,-2.78708
1.07, 0.917906, -1.12175,3.24094,2.08209, 1.12175,-3.24094
1.08, 0.906689, -1.08934,3.68378,2.09331, 1.08934,-3.68378
1.09, 0.895795, -1.0525,4.11384,2.1042, 1.0525,-4.11383
1.1, 0.88527, -1.01136,4.52935,2.11473, 1.01136,-4.52934
1.11, 0.875157, -0.966069,4.92862,2.12484, 0.966069,-4.92862
1.12, 0.865496, -0.916783,5.31001,2.1345, 0.916783,-5.31001
1.13, 0.856328, -0.863683,5.67193,2.14367, 0.863683,-5.67193
1.14, 0.847691, -0.806963,6.01291,2.15231, 0.806963,-6.01291
1.15, 0.839622, -0.746834,6.33148,2.16038, 0.746834,-6.33148
1.16, 0.832153, -0.683519,6.62632,2.16785, 0.683519,-6.62632
1.17, 0.825318, -0.617256,6.89616,2.17468, 0.617256,-6.89617
1.18, 0.819146, -0.548295,7.13984,2.18085, 0.548295,-7.13984
1.19, 0.813663, -0.476896,7.3563,2.18634, 0.476896,-7.3563
1.2, 0.808894, -0.403333,7.54457,2.19111, 0.403333,-7.54457
1.21, 0.80486, -0.327887,7.7038,2.19514, 0.327887,-7.7038
1.22, 0.801581, -0.250849,7.83325,2.19842, 0.250849,-7.83325
1.23, 0.799073, -0.172517,7.93228,2.20093, 0.172517,-7.93228
1.24, 0.797348, -0.093194,8.00039,2.20265, 0.093194,-8.00039
1.25, 0.796416, -0.0131901,8.03718,2.20358, 0.0131901,-8.03718
1.26, 0.796284, 0.0671817,8.04239,2.20372, -0.0671817,-8.04239
1.27, 0.796956, 0.147606,8.01586,2.20304, -0.147606,-8.01586
1.28, 0.798432, 0.227764,7.95759,2.20157, -0.227764,-7.95759
1.29, 0.80071, 0.30734,7.86767,2.19929, -0.30734,-7.86767
1.3, 0.803783, 0.386017,7.74634,2.19622, -0.386017,-7.74634
1.31, 0.807643, 0.46348,7.59395,2.19236, -0.46348,-7.59394
1.32, 0.812278, 0.53942,7.41097,2.18772, -0.53942,-7.41098
1.33, 0.817672, 0.613529,7.19802,2.18233, -0.613529,-7.19802
1.34, 0.823807, 0.68551,6.9558,2.17619, -0.68551,-6.9558
1.35, 0.830662, 0.755068,6.68518,2.16934, -0.755068,-6.68518
1.36, 0.838213, 0.821919,6.38709,2.16179, -0.821919,-6.38709
1.37, 0.846432, 0.88579,6.06261,2.15357, -0.88579,-6.06261
1.38, 0.85529, 0.946416,5.71291,2.14471, -0.946416,-5.71291
1.39, 0.864754, 1.00355,5.33928,2.13525, -1.00355,-5.33928
1.4, 0.87479, 1.05694,4.9431,2.12521, -1.05694,-4.9431
1.41, 0.885359, 1.10637,4.52583,2.11464, -1.10637,-4.52583
1.42, 0.896423, 1.15163,4.08906,2.10358, -1.15163,-4.08906
1.43, 0.907939, 1.19252,3.63442,2.09206, -1.19252,-3.63442
1.44, 0.919864, 1.22886,3.16363,2.08014, -1.22886,-3.16363
1.45, 0.932153, 1.2605,2.67849,2.06785, -1.2605,-2.67849
1.46, 0.944758, 1.28728,2.18087,2.05524, -1.28728,-2.18087
1.47, 0.957631, 1.30909,1.67267,2.04237, -1.30909,-1.67267
1.48, 0.970722, 1.32582,1.15586,2.02928, -1.32582,-1.15586
1.49, 0.98398, 1.33738,0.632447,2.01602, -1.33738,-0.632447
1.5, 0.997354, 1.3437,0.104469,2.00265, -1.3437,-0.104468
1.51, 1.01079, 1.34475,-0.426,1.98921, -1.34475,0.426
1.52, 1.02424, 1.34049,-0.956887,1.97576, -1.34049,0.956887
1.53, 1.03764, 1.33092,-1.48609,1.96236, -1.33092,1.48609
1.54, 1.05095, 1.31606,-2.01151,1.94905, -1.31606,2.01151
1.55, 1.06411, 1.29594,-2.53107,1.93589, -1.29594,2.53107
1.56, 1.07707, 1.27063,-3.04269,1.92293, -1.27063,3.04269
1.57, 1.08978, 1.2402,-3.54431,1.91022, -1.2402,3.54431
1.58, 1.10218, 1.20476,-4.03393,1.89782, -1.20476,4.03393
1.59, 1.11423, 1.16442,-4.50955,1.88577, -1.16442,4.50955
1.6, 1.12587, 1.11933,-4.96924,1.87413, -1.11933,4.96924
1.61, 1.13707, 1.06963,-5.41113,1.86293, -1.06963,5.41113
1.62, 1.14776, 1.01552,-5.83341,1.85224, -1.01552,5.83341
1.63, 1.15792, 0.957188,-6.23432,1.84208, -0.957188,6.23432
1.64, 1.16749, 0.894845,-6.61221,1.83251, -0.894845,6.61221
1.65, 1.17644, 0.828723,-6.96548,1.82356, -0.828723,6.96548
1.66, 1.18472, 0.759068,-7.29264,1.81528, -0.759068,7.29264
1.67, 1.19232, 0.686142,-7.59231,1.80768, -0.686142,7.59231
1.68, 1.19918, 0.610219,-7.86319,1.80082, -0.610219,7.86319
1.69, 1.20528, 0.531587,-8.10409,1.79472, -0.531587,8.10409
1.7, 1.21059, 0.450546,-8.31396,1.78941, -0.450546,8.31396
1.71, 1.2151, 0.367406,-8.49182,1.7849, -0.367406,8.49182
1.72, 1.21877, 0.282488,-8.63687,1.78123, -0.282488,8.63687
1.73, 1.2216, 0.196119,-8.74839,1.7784, -0.196119,8.74839
1.74, 1.22356, 0.108636,-8.82582,1.77644, -0.108636,8.82582
1.75, 1.22465, 0.0203774,-8.8687,1.77535, -0.0203774,8.8687
1.76, 1.22485, -0.0683097,-8.87675,1.77515, 0.0683097,8.87675
1.77, 1.22417, -0.157077,-8.84978,1.77583, 0.157077,8.84978
1.78, 1.2226, -0.245575,-8.78777,1.7774, 0.245575,8.78777
1.79, 1.22014, -0.333453,-8.69082,1.77986, 0.333453,8.69082
1.8, 1.21681, -0.420361,-8.55918,1.78319, 0.420361,8.55918
1.81, 1.2126, -0.505953,-8.39323,1.7874, 0.505953,8.39323
1.82, 1.20754, -0.589885,-8.19348,1.79246, 0.589885,8.19348
1.83, 1.20164, -0.67182,-7.96061,1.79836, 0.67182,7.96061
1.84, 1.19493, -0.751426,-7.69538,1.80507, 0.751426,7.69538
1.85, 1.18741, -0.82838,-7.39874,1.81259, 0.82838,7.39874
1.86, 1.17913, -0.902367,-7.0717,1.82087, 0.902367,7.0717
1.87, 1.1701, -0.973084,-6.71546,1.8299, 0.973084,6.71546
1.88, 1.16037, -1.04024,-6.3313,1.83963, 1.04024,6.3313
1.89, 1.14997, -1.10355,-5.92063,1.85003, 1.10355,5.92063
1.9, 1.13894, -1.16276,-5.48497,1.86106, 1.16276,5.48497
1.91, 1.12731, -1.21761,-5.02593,1.87269, 1.21761,5.02593
1.92, 1.11513, -1.26787,-4.54524,1.88487, 1.26787,4.54524
1.93, 1.10245, -1.31332,-4.04471,1.89755, 1.31332,4.04471
1.94, 1.08932, -1.35377,-3.52623,1.91068, 1.35377,3.52623
1.95, 1.07578, -1.38903,-2.99178,1.92422, 1.38903,2.99178
1.96, 1.06189, -1.41895,-2.44341,1.93811, 1.41895,2.44341
1.97, 1.0477, -1.44338,-1.88324,1.9523, 1.44338,1.88324
1.98, 1.03327, -1.46221,-1.31341,1.96673, 1.46221,1.31341
1.99, 1.01865, -1.47535,-0.736157,1.98135, 1.47535,0.736157
2, 1.00389, -1.48271,-0.153709,1.99611, 1.48271,0.153709
