No iterations: 800
Time (s), Position 1 (cm), Velocity 1 (cm s-1), Acceleration 1 (cm s-2), Position 2 (cm), Velocity 2 (cm s-1), Acceleration 2 (cm s-2)
0, 4, -2,0,8, 2,0
0.01, 3.98, -2,0.03,8.02, 2,-0.0300007
0.02, 3.96, -1.9997,0.0599999,8.04, 1.9997,-0.0599999
0.03, 3.94, -1.9991,0.0899956,8.06, 1.9991,-0.0899949
0.04, 3.92001, -1.9982,0.119982,8.07999, 1.9982,-0.119981
0.05, 3.90003, -1.997,0.149955,8.09997, 1.997,-0.149955
0.06, 3.88006, -1.9955,0.17991,8.11994, 1.9955,-0.17991
0.07, 3.8601, -1.9937,0.209842,8.1399, 1.9937,-0.209843
0.08, 3.84017, -1.9916,0.239748,8.15983, 1.9916,-0.239748
0.09, 3.82025, -1.98921,0.269622,8.17975, 1.98921,-0.269621
0.1, 3.80036, -1.98651,0.29946,8.19964, 1.98651,-0.29946
0.11, 3.78049, -1.98351,0.329258,8.21951, 1.98351,-0.329258
0.12, 3.76066, -1.98022,0.35901,8.23934, 1.98022,-0.359011
0.13, 3.74086, -1.97663,0.388714,8.25914, 1.97663,-0.388714
0.14, 3.72109, -1.97275,0.418363,8.27891, 1.97275,-0.418363
0.15, 3.70136, -1.96856,0.447955,8.29864, 1.96856,-0.447955
0.16, 3.68168, -1.96408,0.477483,8.31832, 1.96408,-0.477483
0.17, 3.66204, -1.95931,0.506944,8.33796, 1.95931,-0.506945
0.18, 3.64244, -1.95424,0.536334,8.35756, 1.95424,-0.536333
0.19, 3.6229, -1.94887,0.565647,8.3771, 1.94887,-0.565647
0.2, 3.60341, -1.94322,0.59488,8.39659, 1.94322,-0.594881
0.21, 3.58398, -1.93727,0.624029,8.41602, 1.93727,-0.624029
0.22, 3.56461, -1.93103,0.653088,8.43539, 1.93103,-0.653087
0.23, 3.5453, -1.9245,0.682053,8.4547, 1.9245,-0.682054
0.24, 3.52605, -1.91768,0.710921,8.47395, 1.91768,-0.710921
0.25, 3.50688, -1.91057,0.739686,8.49312, 1.91057,-0.739686
0.26, 3.48777, -1.90317,0.768344,8.51223, 1.90317,-0.768345
0.27, 3.46874, -1.89549,0.796892,8.53126, 1.89549,-0.796892
0.28, 3.44978, -1.88752,0.825324,8.55022, 1.88752,-0.825324
0.29, 3.43091, -1.87927,0.853637,8.56909, 1.87927,-0.853638
0.3, 3.41212, -1.87073,0.881826,8.58788, 1.87073,-0.881826
0.31, 3.39341, -1.86191,0.909887,8.60659, 1.86191,-0.909887
0.32, 3.37479, -1.85281,0.937815,8.62521, 1.85281,-0.937816
0.33, 3.35626, -1.84343,0.965608,8.64374, 1.84343,-0.965608
0.34, 3.33783, -1.83378,0.993259,8.66217, 1.83378,-0.99326
0.35, 3.31949, -1.82385,1.02077,8.68051, 1.82385,-1.02077
0.36, 3.30125, -1.81364,1.04812,8.69875, 1.81364,-1.04812
0.37, 3.28311, -1.80316,1.07533,8.71689, 1.80316,-1.07533
0.38, 3.26508, -1.7924,1.10238,8.73492, 1.7924,-1.10238
0.39, 3.24716, -1.78138,1.12926,8.75284, 1.78138,-1.12926
0.4, 3.22935, -1.77009,1.15598,8.77065, 1.77009,-1.15598
0.41, 3.21164, -1.75853,1.18253,8.78836, 1.75853,-1.18253
0.42, 3.19406, -1.7467,1.20891,8.80594, 1.7467,-1.20891
0.43, 3.17659, -1.73461,1.23511,8.82341, 1.73461,-1.23511
0.44, 3.15925, -1.72226,1.26113,8.84075, 1.72226,-1.26113
0.45, 3.14202, -1.70965,1.28697,8.85798, 1.70965,-1.28697
0.46, 3.12493, -1.69678,1.31261,8.87507, 1.69678,-1.31261
0.47, 3.10796, -1.68365,1.33806,8.89204, 1.68365,-1.33806
0.48, 3.09112, -1.67027,1.36332,8.90888, 1.67027,-1.36332
0.49, 3.07442, -1.65664,1.38837,8.92558, 1.65664,-1.38837
0.5, 3.05785, -1.64276,1.41322,8.94215, 1.64276,-1.41322
0.51, 3.04143, -1.62862,1.43786,8.95857, 1.62862,-1.43786
0.52, 3.02514, -1.61425,1.46229,8.97486, 1.61425,-1.46229
0.53, 3.009, -1.59962,1.4865,8.991, 1.59962,-1.4865
0.54, 2.993, -1.58476,1.5105,9.007, 1.58476,-1.5105
0.55, 2.97715, -1.56965,1.53427,9.02285, 1.56965,-1.53427
0.56, 2.96146, -1.55431,1.55781,9.03854, 1.55431,-1.55782
0.57, 2.94591, -1.53873,1.58113,9.05409, 1.53873,-1.58113
0.58, 2.93053, -1.52292,1.60421,9.06947, 1.52292,-1.60421
0.59, 2.9153, -1.50688,1.62705,9.0847, 1.50688,-1.62705
0.6, 2.90023, -1.49061,1.64966,9.09977, 1.49061,-1.64966
0.61, 2.88532, -1.47411,1.67202,9.11468, 1.47411,-1.67202
0.62, 2.87058, -1.45739,1.69413,9.12942, 1.45739,-1.69413
0.63, 2.85601, -1.44045,1.71599,9.14399, 1.44045,-1.71599
0.64, 2.8416, -1.42329,1.7376,9.1584, 1.42329,-1.7376
0.65, 2.82737, -1.40591,1.75895,9.17263, 1.40591,-1.75895
0.66, 2.81331, -1.38832,1.78003,9.18669, 1.38832,-1.78003
0.67, 2.79943, -1.37052,1.80086,9.20057, 1.37052,-1.80086
0.68, 2.78572, -1.35252,1.82142,9.21428, 1.35252,-1.82142
0.69, 2.7722, -1.3343,1.8417,9.2278, 1.3343,-1.8417
0.7, 2.75885, -1.31588,1.86172,9.24115, 1.31588,-1.86172
0.71, 2.7457, -1.29727,1.88146,9.2543, 1.29727,-1.88146
0.72, 2.73272, -1.27845,1.90092,9.26728, 1.27845,-1.90092
0.73, 2.71994, -1.25944,1.92009,9.28006, 1.25944,-1.92009
0.74, 2.70734, -1.24024,1.93899,9.29266, 1.24024,-1.93899
0.75, 2.69494, -1.22085,1.95759,9.30506, 1.22085,-1.95759
0.76, 2.68273, -1.20128,1.9759,9.31727, 1.20128,-1.9759
0.77, 2.67072, -1.18152,1.99392,9.32928, 1.18152,-1.99392
0.78, 2.6589, -1.16158,2.01164,9.3411, 1.16158,-2.01164
0.79, 2.64729, -1.14146,2.02907,9.35271, 1.14146,-2.02907
0.8, 2.63587, -1.12117,2.04619,9.36413, 1.12117,-2.04619
0.81, 2.62466, -1.10071,2.06301,9.37534, 1.10071,-2.06301
0.82, 2.61366, -1.08008,2.07952,9.38634, 1.08008,-2.07952
0.83, 2.60285, -1.05928,2.09572,9.39715, 1.05928,-2.09572
0.84, 2.59226, -1.03833,2.11161,9.40774, 1.03833,-2.11161
0.85, 2.58188, -1.01721,2.12718,9.41812, 1.01721,-2.12718
0.86, 2.57171, -0.99594,2.14244,9.42829, 0.99594,-2.14244
0.87, 2.56175, -0.974515,2.15738,9.43825, 0.974515,-2.15738
0.88, 2.552, -0.952941,2.172,9.448, 0.952941,-2.172
0.89, 2.54247, -0.931221,2.18629,9.45753, 0.931221,-2.18629
0.9, 2.53316, -0.909359,2.20026,9.46684, 0.909358,-2.20026
0.91, 2.52407, -0.887356,2.2139,9.47593, 0.887356,-2.2139
0.92, 2.51519, -0.865217,2.22721,9.48481, 0.865217,-2.22721
0.93, 2.50654, -0.842945,2.24019,9.49346, 0.842945,-2.24019
0.94, 2.49811, -0.820543,2.25283,9.50189, 0.820543,-2.25283
0.95, 2.48991, -0.798015,2.26514,9.51009, 0.798015,-2.26514
0.96, 2.48193, -0.775363,2.27711,9.51807, 0.775363,-2.27711
0.97, 2.47417, -0.752592,2.28874,9.52583, 0.752592,-2.28874
0.98, 2.46665, -0.729705,2.30003,9.53335, 0.729705,-2.30003
0.99, 2.45935, -0.706704,2.31098,9.54065, 0.706704,-2.31098
1, 2.45228, -0.683595,2.32158,9.54772, 0.683595,-2.32158
1.01, 2.44545, -0.660379,2.33183,9.55455, 0.660379,-2.33183
1.02, 2.43884, -0.637061,2.34174,9.56116, 0.637061,-2.34174
1.03, 2.43247, -0.613643,2.35129,9.56753, 0.613643,-2.35129
1.04, 2.42634, -0.59013,2.3605,9.57366, 0.59013,-2.3605
1.05, 2.42043, -0.566525,2.36935,9.57957, 0.566525,-2.36935
1.06, 2.41477, -0.542832,2.37785,9.58523, 0.542832,-2.37785
1.07, 2.40934, -0.519053,2.38599,9.59066, 0.519053,-2.38599
1.08, 2.40415, -0.495193,2.39377,9.59585, 0.495193,-2.39377
1.09, 2.3992, -0.471256,2.4012,9.6008, 0.471256,-2.4012
1.1, 2.39449, -0.447244,2.40827,9.60551, 0.447244,-2.40827
1.11, 2.39001, -0.423161,2.41498,9.60999, 0.423161,-2.41498
1.12, 2.38578, -0.399011,2.42133,9.61422, 0.399011,-2.42133
1.13, 2.38179, -0.374798,2.42731,9.61821, 0.374798,-2.42731
1.14, 2.37804, -0.350525,2.43293,9.62196, 0.350525,-2.43294
1.15, 2.37454, -0.326195,2.43819,9.62546, 0.326195,-2.43819
1.16, 2.37128, -0.301813,2.44309,9.62872, 0.301813,-2.44309
1.17, 2.36826, -0.277383,2.44761,9.63174, 0.277383,-2.44761
1.18, 2.36548, -0.252906,2.45177,9.63452, 0.252906,-2.45177
1.19, 2.36296, -0.228389,2.45557,9.63704, 0.228389,-2.45557
1.2, 2.36067, -0.203833,2.45899,9.63933, 0.203833,-2.45899
1.21, 2.35863, -0.179243,2.46205,9.64137, 0.179243,-2.46205
1.22, 2.35684, -0.154623,2.46474,9.64316, 0.154623,-2.46474
1.23, 2.35529, -0.129975,2.46706,9.64471, 0.129975,-2.46706
1.24, 2.35399, -0.105305,2.46901,9.64601, 0.105305,-2.46901
1.25, 2.35294, -0.0806145,2.47059,9.64706, 0.0806145,-2.47059
1.26, 2.35214, -0.0559087,2.4718,9.64786, 0.0559087,-2.4718
1.27, 2.35158, -0.0311907,2.47264,9.64842, 0.0311907,-2.47264
1.28, 2.35126, -0.00646434,2.4731,9.64874, 0.00646433,-2.4731
1.29, 2.3512, 0.0182667,2.4732,9.6488, -0.0182667,-2.4732
1.3, 2.35138, 0.0429987,2.47293,9.64862, -0.0429987,-2.47293
1.31, 2.35181, 0.067728,2.47228,9.64819, -0.067728,-2.47228
1.32, 2.35249, 0.0924508,2.47127,9.64751, -0.0924508,-2.47127
1.33, 2.35341, 0.117163,2.46988,9.64659, -0.117163,-2.46988
1.34, 2.35459, 0.141862,2.46812,9.64541, -0.141862,-2.46812
1.35, 2.356, 0.166543,2.46599,9.644, -0.166543,-2.46599
1.36, 2.35767, 0.191203,2.4635,9.64233, -0.191203,-2.4635
1.37, 2.35958, 0.215838,2.46063,9.64042, -0.215838,-2.46063
1.38, 2.36174, 0.240445,2.45739,9.63826, -0.240445,-2.45739
1.39, 2.36414, 0.265019,2.45378,9.63586, -0.265018,-2.45378
1.4, 2.36679, 0.289556,2.44981,9.63321, -0.289556,-2.44981
1.41, 2.36969, 0.314054,2.44546,9.63031, -0.314054,-2.44547
1.42, 2.37283, 0.338509,2.44075,9.62717, -0.338509,-2.44075
1.43, 2.37622, 0.362917,2.43568,9.62378, -0.362917,-2.43568
1.44, 2.37985, 0.387273,2.43023,9.62015, -0.387273,-2.43023
1.45, 2.38372, 0.411576,2.42442,9.61628, -0.411576,-2.42442
1.46, 2.38783, 0.43582,2.41825,9.61217, -0.43582,-2.41825
1.47, 2.39219, 0.460002,2.41171,9.60781, -0.460002,-2.41171
1.48, 2.39679, 0.48412,2.40481,9.60321, -0.48412,-2.40481
1.49, 2.40163, 0.508168,2.39755,9.59837, -0.508168,-2.39755
1.5, 2.40671, 0.532143,2.38993,9.59329, -0.532143,-2.38993
1.51, 2.41204, 0.556042,2.38195,9.58796, -0.556042,-2.38195
1.52, 2.4176, 0.579862,2.37361,9.5824, -0.579862,-2.3736
1.53, 2.4234, 0.603598,2.36491,9.5766, -0.603598,-2.36491
1.54, 2.42943, 0.627247,2.35585,9.57057, -0.627247,-2.35585
1.55, 2.4357, 0.650806,2.34644,9.5643, -0.650806,-2.34645
1.56, 2.44221, 0.67427,2.33668,9.55779, -0.67427,-2.33668
1.57, 2.44895, 0.697637,2.32657,9.55105, -0.697637,-2.32657
1.58, 2.45593, 0.720902,2.3161,9.54407, -0.720902,-2.3161
1.59, 2.46314, 0.744064,2.30529,9.53686, -0.744064,-2.30529
1.6, 2.47058, 0.767116,2.29413,9.52942, -0.767116,-2.29413
1.61, 2.47825, 0.790058,2.28262,9.52175, -0.790058,-2.28262
1.62, 2.48615, 0.812884,2.27077,9.51385, -0.812884,-2.27077
1.63, 2.49428, 0.835592,2.25858,9.50572, -0.835592,-2.25858
1.64, 2.50264, 0.858177,2.24604,9.49736, -0.858177,-2.24604
1.65, 2.51122, 0.880638,2.23317,9.48878, -0.880638,-2.23317
1.66, 2.52003, 0.90297,2.21996,9.47997, -0.90297,-2.21996
1.67, 2.52905, 0.925169,2.20642,9.47095, -0.925169,-2.20642
1.68, 2.53831, 0.947233,2.19254,9.46169, -0.947233,-2.19254
1.69, 2.54778, 0.969159,2.17833,9.45222, -0.969159,-2.17833
1.7, 2.55747, 0.990942,2.16379,9.44253, -0.990942,-2.16379
1.71, 2.56738, 1.01258,2.14893,9.43262, -1.01258,-2.14893
1.72, 2.57751, 1.03407,2.13374,9.42249, -1.03407,-2.13374
1.73, 2.58785, 1.05541,2.11823,9.41215, -1.05541,-2.11823
1.74, 2.5984, 1.07659,2.1024,9.4016, -1.07659,-2.1024
1.75, 2.60917, 1.09761,2.08625,9.39083, -1.09761,-2.08625
1.76, 2.62014, 1.11848,2.06979,9.37986, -1.11848,-2.06979
1.77, 2.63133, 1.13917,2.05301,9.36867, -1.13917,-2.05301
1.78, 2.64272, 1.1597,2.03592,9.35728, -1.1597,-2.03592
1.79, 2.65432, 1.18006,2.01853,9.34568, -1.18006,-2.01853
1.8, 2.66612, 1.20025,2.00083,9.33388, -1.20025,-2.00082
1.81, 2.67812, 1.22026,1.98282,9.32188, -1.22026,-1.98282
1.82, 2.69032, 1.24008,1.96452,9.30968, -1.24008,-1.96452
1.83, 2.70272, 1.25973,1.94592,9.29728, -1.25973,-1.94592
1.84, 2.71532, 1.27919,1.92702,9.28468, -1.27919,-1.92702
1.85, 2.72811, 1.29846,1.90783,9.27189, -1.29846,-1.90783
1.86, 2.7411, 1.31754,1.88836,9.2589, -1.31754,-1.88836
1.87, 2.75427, 1.33642,1.86859,9.24573, -1.33642,-1.86859
1.88, 2.76764, 1.35511,1.84855,9.23236, -1.35511,-1.84855
1.89, 2.78119, 1.37359,1.82822,9.21881, -1.37359,-1.82822
1.9, 2.79492, 1.39187,1.80762,9.20508, -1.39187,-1.80762
1.91, 2.80884, 1.40995,1.78674,9.19116, -1.40995,-1.78674
1.92, 2.82294, 1.42782,1.76559,9.17706, -1.42782,-1.76559
1.93, 2.83722, 1.44547,1.74417,9.16278, -1.44547,-1.74417
1.94, 2.85167, 1.46292,1.72249,9.14833, -1.46292,-1.72249
1.95, 2.8663, 1.48014,1.70055,9.1337, -1.48014,-1.70054
1.96, 2.8811, 1.49715,1.67834,9.1189, -1.49715,-1.67834
1.97, 2.89608, 1.51393,1.65589,9.10392, -1.51393,-1.65589
1.98, 2.91122, 1.53049,1.63318,9.08878, -1.53049,-1.63318
1.99, 2.92652, 1.54682,1.61022,9.07348, -1.54682,-1.61022
2, 2.94199, 1.56292,1.58702,9.05801, -1.56292,-1.58702
2.01, 2.95762, 1.57879,1.56357,9.04238, -1.57879,-1.56357
2.02, 2.97341, 1.59443,1.53989,9.02659, -1.59443,-1.53989
2.03, 2.98935, 1.60983,1.51598,9.01065, -1.60983,-1.51598
2.04, 3.00545, 1.62499,1.49183,8.99455, -1.62499,-1.49183
2.05, 3.0217, 1.63991,1.46745,8.9783, -1.63991,-1.46745
2.06, 3.0381, 1.65458,1.44285,8.9619, -1.65458,-1.44285
2.07, 3.05464, 1.66901,1.41804,8.94536, -1.66901,-1.41804
2.08, 3.07133, 1.68319,1.393,8.92867, -1.68319,-1.393
2.09, 3.08816, 1.69712,1.36775,8.91184, -1.69712,-1.36775
2.1, 3.10514, 1.7108,1.3423,8.89486, -1.7108,-1.3423
2.11, 3.12224, 1.72422,1.31663,8.87776, -1.72422,-1.31663
2.12, 3.13949, 1.73739,1.29077,8.86051, -1.73739,-1.29077
2.13, 3.15686, 1.75029,1.26471,8.84314, -1.75029,-1.26471
2.14, 3.17436, 1.76294,1.23846,8.82564, -1.76294,-1.23846
2.15, 3.19199, 1.77532,1.21201,8.80801, -1.77532,-1.21201
2.16, 3.20975, 1.78744,1.18538,8.79025, -1.78744,-1.18538
2.17, 3.22762, 1.7993,1.15857,8.77238, -1.7993,-1.15857
2.18, 3.24561, 1.81088,1.13158,8.75439, -1.81088,-1.13158
2.19, 3.26372, 1.8222,1.10442,8.73628, -1.8222,-1.10442
2.2, 3.28194, 1.83324,1.07708,8.71806, -1.83324,-1.07708
2.21, 3.30028, 1.84402,1.04959,8.69972, -1.84402,-1.04959
2.22, 3.31872, 1.85451,1.02193,8.68128, -1.85451,-1.02193
2.23, 3.33726, 1.86473,0.994108,8.66274, -1.86473,-0.994108
2.24, 3.35591, 1.87467,0.966137,8.64409, -1.87467,-0.966137
2.25, 3.37466, 1.88433,0.938017,8.62534, -1.88433,-0.938016
2.26, 3.3935, 1.89371,0.909752,8.6065, -1.89371,-0.909752
2.27, 3.41244, 1.90281,0.881346,8.58756, -1.90281,-0.881347
2.28, 3.43146, 1.91162,0.852804,8.56854, -1.91162,-0.852804
2.29, 3.45058, 1.92015,0.824129,8.54942, -1.92015,-0.824129
2.3, 3.46978, 1.92839,0.795327,8.53022, -1.92839,-0.795327
2.31, 3.48907, 1.93635,0.766402,8.51093, -1.93635,-0.766401
2.32, 3.50843, 1.94401,0.737356,8.49157, -1.94401,-0.737356
2.33, 3.52787, 1.95138,0.708196,8.47213, -1.95138,-0.708196
2.34, 3.54738, 1.95847,0.678925,8.45262, -1.95847,-0.678925
2.35, 3.56697, 1.96526,0.649548,8.43303, -1.96526,-0.649548
2.36, 3.58662, 1.97175,0.62007,8.41338, -1.97175,-0.62007
2.37, 3.60634, 1.97795,0.590494,8.39366, -1.97795,-0.590494
2.38, 3.62612, 1.98386,0.560824,8.37388, -1.98386,-0.560823
2.39, 3.64596, 1.98946,0.531066,8.35404, -1.98946,-0.531066
2.4, 3.66585, 1.99478,0.501224,8.33415, -1.99478,-0.501224
2.41, 3.6858, 1.99979,0.471302,8.3142, -1.99979,-0.471302
2.42, 3.7058, 2.0045,0.441306,8.2942, -2.0045,-0.441306
2.43, 3.72584, 2.00891,0.411238,8.27416, -2.00891,-0.411238
2.44, 3.74593, 2.01303,0.381104,8.25407, -2.01303,-0.381104
2.45, 3.76606, 2.01684,0.350909,8.23394, -2.01684,-0.350909
2.46, 3.78623, 2.02035,0.320656,8.21377, -2.02035,-0.320656
2.47, 3.80643, 2.02355,0.290351,8.19357, -2.02355,-0.290351
2.48, 3.82667, 2.02646,0.259998,8.17333, -2.02646,-0.259998
2.49, 3.84693, 2.02906,0.229601,8.15307, -2.02906,-0.229601
2.5, 3.86722, 2.03135,0.199166,8.13278, -2.03135,-0.199166
2.51, 3.88754, 2.03334,0.168695,8.11246, -2.03334,-0.168694
2.52, 3.90787, 2.03503,0.138195,8.09213, -2.03503,-0.138195
2.53, 3.92822, 2.03641,0.10767,8.07178, -2.03641,-0.107669
2.54, 3.94858, 2.03749,0.0771232,8.05142, -2.03749,-0.0771232
2.55, 3.96896, 2.03826,0.046561,8.03104, -2.03826,-0.0465603
2.56, 3.98934, 2.03873,0.0159872,8.01066, -2.03873,-0.0159874
2.57, 4.00973, 2.03889,-0.0145941,7.99027, -2.03889,0.0145941
2.58, 4.03012, 2.03874,-0.045177,7.96988, -2.03874,0.045177
2.59, 4.05051, 2.03829,-0.0757585,7.94949, -2.03829,0.0757585
2.6, 4.07089, 2.03753,-0.106333,7.92911, -2.03753,0.106333
2.61, 4.09126, 2.03647,-0.136896,7.90874, -2.03647,0.136896
2.62, 4.11163, 2.0351,-0.167443,7.88837, -2.0351,0.167443
2.63, 4.13198, 2.03342,-0.197969,7.86802, -2.03342,0.197969
2.64, 4.15231, 2.03144,-0.228471,7.84769, -2.03144,0.228471
2.65, 4.17263, 2.02916,-0.258942,7.82737, -2.02916,0.258942
2.66, 4.19292, 2.02657,-0.28938,7.80708, -2.02657,0.28938
2.67, 4.21319, 2.02368,-0.319778,7.78681, -2.02368,0.319778
2.68, 4.23342, 2.02048,-0.350133,7.76658, -2.02048,0.350133
2.69, 4.25363, 2.01698,-0.38044,7.74637, -2.01698,0.38044
2.7, 4.2738, 2.01317,-0.410695,7.7262, -2.01317,0.410695
2.71, 4.29393, 2.00907,-0.440893,7.70607, -2.00907,0.440893
2.72, 4.31402, 2.00466,-0.471029,7.68598, -2.00466,0.471029
2.73, 4.33407, 1.99995,-0.501098,7.66593, -1.99995,0.501098
2.74, 4.35407, 1.99494,-0.531097,7.64593, -1.99494,0.531097
2.75, 4.37401, 1.98962,-0.561022,7.62599, -1.98962,0.561022
2.76, 4.39391, 1.98401,-0.590866,7.60609, -1.98401,0.590866
2.77, 4.41375, 1.97811,-0.620626,7.58625, -1.97811,0.620626
2.78, 4.43353, 1.9719,-0.650298,7.56647, -1.9719,0.650298
2.79, 4.45325, 1.9654,-0.679876,7.54675, -1.9654,0.679876
2.8, 4.4729, 1.9586,-0.709357,7.5271, -1.9586,0.709357
2.81, 4.49249, 1.9515,-0.738736,7.50751, -1.9515,0.738736
2.82, 4.51201, 1.94412,-0.768009,7.48799, -1.94412,0.768009
2.83, 4.53145, 1.93644,-0.79717,7.46855, -1.93644,0.79717
2.84, 4.55081, 1.92847,-0.826217,7.44919, -1.92847,0.826217
2.85, 4.5701, 1.9202,-0.855144,7.4299, -1.9202,0.855144
2.86, 4.5893, 1.91165,-0.883947,7.4107, -1.91165,0.883947
2.87, 4.60841, 1.90281,-0.912622,7.39159, -1.90281,0.912622
2.88, 4.62744, 1.89369,-0.941164,7.37256, -1.89369,0.941164
2.89, 4.64638, 1.88427,-0.969569,7.35362, -1.88427,0.969569
2.9, 4.66522, 1.87458,-0.997833,7.33478, -1.87458,0.997833
2.91, 4.68397, 1.8646,-1.02595,7.31603, -1.8646,1.02595
2.92, 4.70261, 1.85434,-1.05392,7.29739, -1.85434,1.05392
2.93, 4.72116, 1.8438,-1.08174,7.27884, -1.8438,1.08174
2.94, 4.7396, 1.83298,-1.10939,7.2604, -1.83298,1.10939
2.95, 4.75793, 1.82189,-1.13689,7.24207, -1.82189,1.13689
2.96, 4.77614, 1.81052,-1.16422,7.22386, -1.81052,1.16422
2.97, 4.79425, 1.79888,-1.19137,7.20575, -1.79888,1.19137
2.98, 4.81224, 1.78697,-1.21836,7.18776, -1.78697,1.21836
2.99, 4.83011, 1.77478,-1.24516,7.16989, -1.77478,1.24516
3, 4.84786, 1.76233,-1.27178,7.15214, -1.76233,1.27178
3.01, 4.86548, 1.74961,-1.29822,7.13452, -1.74961,1.29822
3.02, 4.88298, 1.73663,-1.32446,7.11702, -1.73663,1.32446
3.03, 4.90034, 1.72339,-1.35051,7.09966, -1.72339,1.35051
3.04, 4.91758, 1.70988,-1.37636,7.08242, -1.70988,1.37636
3.05, 4.93467, 1.69612,-1.40201,7.06533, -1.69612,1.40201
3.06, 4.95164, 1.6821,-1.42745,7.04836, -1.6821,1.42745
3.07, 4.96846, 1.66782,-1.45268,7.03154, -1.66782,1.45268
3.08, 4.98513, 1.6533,-1.4777,7.01487, -1.6533,1.4777
3.09, 5.00167, 1.63852,-1.5025,6.99833, -1.63852,1.5025
3.1, 5.01805, 1.62349,-1.52708,6.98195, -1.62349,1.52708
3.11, 5.03429, 1.60822,-1.55143,6.96571, -1.60822,1.55143
3.12, 5.05037, 1.59271,-1.57555,6.94963, -1.59271,1.57555
3.13, 5.0663, 1.57695,-1.59945,6.9337, -1.57695,1.59945
3.14, 5.08207, 1.56096,-1.6231,6.91793, -1.56096,1.6231
3.15, 5.09768, 1.54473,-1.64651,6.90232, -1.54473,1.64651
3.16, 5.11312, 1.52826,-1.66969,6.88688, -1.52826,1.66969
3.17, 5.12841, 1.51157,-1.69261,6.87159, -1.51157,1.69261
3.18, 5.14352, 1.49464,-1.71528,6.85648, -1.49464,1.71528
3.19, 5.15847, 1.47749,-1.7377,6.84153, -1.47749,1.7377
3.2, 5.17324, 1.46011,-1.75986,6.82676, -1.46011,1.75986
3.21, 5.18784, 1.44251,-1.78177,6.81216, -1.44251,1.78177
3.22, 5.20227, 1.42469,-1.8034,6.79773, -1.42469,1.8034
3.23, 5.21652, 1.40666,-1.82477,6.78348, -1.40666,1.82477
3.24, 5.23058, 1.38841,-1.84587,6.76942, -1.38841,1.84587
3.25, 5.24447, 1.36995,-1.8667,6.75553, -1.36995,1.8667
3.26, 5.25817, 1.35129,-1.88725,6.74183, -1.35129,1.88725
3.27, 5.27168, 1.33241,-1.90752,6.72832, -1.33241,1.90752
3.28, 5.285, 1.31334,-1.9275,6.715, -1.31334,1.9275
3.29, 5.29814, 1.29406,-1.94721,6.70186, -1.29406,1.94721
3.3, 5.31108, 1.27459,-1.96662,6.68892, -1.27459,1.96662
3.31, 5.32382, 1.25492,-1.98573,6.67618, -1.25492,1.98573
3.32, 5.33637, 1.23507,-2.00456,6.66363, -1.23507,2.00456
3.33, 5.34872, 1.21502,-2.02308,6.65128, -1.21502,2.02308
3.34, 5.36087, 1.19479,-2.04131,6.63913, -1.19479,2.04131
3.35, 5.37282, 1.17438,-2.05923,6.62718, -1.17438,2.05923
3.36, 5.38456, 1.15379,-2.07685,6.61544, -1.15379,2.07685
3.37, 5.3961, 1.13302,-2.09415,6.6039, -1.13302,2.09415
3.38, 5.40743, 1.11208,-2.11115,6.59257, -1.11208,2.11115
3.39, 5.41855, 1.09096,-2.12783,6.58145, -1.09096,2.12783
3.4, 5.42946, 1.06969,-2.1442,6.57054, -1.06969,2.1442
3.41, 5.44016, 1.04824,-2.16024,6.55984, -1.04824,2.16024
3.42, 5.45064, 1.02664,-2.17596,6.54936, -1.02664,2.17596
3.43, 5.46091, 1.00488,-2.19136,6.53909, -1.00488,2.19136
3.44, 5.47096, 0.982968,-2.20644,6.52904, -0.982968,2.20644
3.45, 5.48079, 0.960904,-2.22118,6.51921, -0.960904,2.22118
3.46, 5.4904, 0.938692,-2.23559,6.5096, -0.938692,2.23559
3.47, 5.49978, 0.916336,-2.24968,6.50022, -0.916336,2.24968
3.48, 5.50895, 0.893839,-2.26342,6.49105, -0.893839,2.26342
3.49, 5.51789, 0.871205,-2.27683,6.48211, -0.871205,2.27683
3.5, 5.5266, 0.848437,-2.2899,6.4734, -0.848437,2.2899
3.51, 5.53508, 0.825538,-2.30262,6.46492, -0.825538,2.30262
3.52, 5.54334, 0.802511,-2.31501,6.45666, -0.802511,2.31501
3.53, 5.55136, 0.779361,-2.32704,6.44864, -0.779361,2.32704
3.54, 5.55916, 0.756091,-2.33873,6.44084, -0.756091,2.33873
3.55, 5.56672, 0.732704,-2.35008,6.43328, -0.732704,2.35008
3.56, 5.57404, 0.709203,-2.36107,6.42596, -0.709203,2.36107
3.57, 5.58114, 0.685592,-2.3717,6.41886, -0.685592,2.3717
3.58, 5.58799, 0.661875,-2.38199,6.41201, -0.661875,2.38199
3.59, 5.59461, 0.638055,-2.39192,6.40539, -0.638055,2.39192
3.6, 5.60099, 0.614136,-2.40149,6.39901, -0.614136,2.40149
3.61, 5.60713, 0.590121,-2.4107,6.39287, -0.590121,2.4107
3.62, 5.61303, 0.566014,-2.41955,6.38697, -0.566014,2.41955
3.63, 5.61869, 0.541819,-2.42804,6.38131, -0.541819,2.42804
3.64, 5.62411, 0.517538,-2.43617,6.37589, -0.517538,2.43617
3.65, 5.62929, 0.493177,-2.44393,6.37071, -0.493177,2.44393
3.66, 5.63422, 0.468737,-2.45133,6.36578, -0.468737,2.45133
3.67, 5.63891, 0.444224,-2.45836,6.36109, -0.444224,2.45836
3.68, 5.64335, 0.419641,-2.46502,6.35665, -0.41964,2.46502
3.69, 5.64755, 0.39499,-2.47132,6.35246, -0.39499,2.47132
3.7, 5.65149, 0.370277,-2.47724,6.34851, -0.370277,2.47724
3.71, 5.6552, 0.345505,-2.4828,6.3448, -0.345505,2.4828
3.72, 5.65865, 0.320677,-2.48798,6.34135, -0.320677,2.48798
3.73, 5.66186, 0.295797,-2.49279,6.33814, -0.295797,2.49279
3.74, 5.66482, 0.270869,-2.49723,6.33518, -0.270869,2.49723
3.75, 5.66753, 0.245897,-2.50129,6.33247, -0.245897,2.50129
3.76, 5.66999, 0.220884,-2.50498,6.33001, -0.220884,2.50498
3.77, 5.67219, 0.195834,-2.50829,6.32781, -0.195834,2.50829
3.78, 5.67415, 0.170751,-2.51123,6.32585, -0.170751,2.51123
3.79, 5.67586, 0.145639,-2.51379,6.32414, -0.145639,2.51379
3.8, 5.67732, 0.120501,-2.51597,6.32268, -0.120501,2.51597
3.81, 5.67852, 0.0953413,-2.51778,6.32148, -0.0953412,2.51778
3.82, 5.67947, 0.0701634,-2.51921,6.32053, -0.0701634,2.51921
3.83, 5.68018, 0.0449713,-2.52026,6.31982, -0.0449713,2.52026
3.84, 5.68063, 0.0197687,-2.52094,6.31937, -0.0197687,2.52094
3.85, 5.68082, -0.00544071,-2.52124,6.31918, 0.00544073,2.52124
3.86, 5.68077, -0.0306531,-2.52115,6.31923, 0.0306531,2.52115
3.87, 5.68046, -0.0558646,-2.52069,6.31954, 0.0558646,2.52069
3.88, 5.6799, -0.0810715,-2.51986,6.3201, 0.0810716,2.51986
3.89, 5.67909, -0.10627,-2.51864,6.32091, 0.10627,2.51864
3.9, 5.67803, -0.131457,-2.51705,6.32197, 0.131457,2.51705
3.91, 5.67672, -0.156627,-2.51507,6.32328, 0.156627,2.51507
3.92, 5.67515, -0.181778,-2.51272,6.32485, 0.181778,2.51272
3.93, 5.67333, -0.206905,-2.51,6.32667, 0.206905,2.51
3.94, 5.67126, -0.232005,-2.50689,6.32874, 0.232005,2.50689
3.95, 5.66894, -0.257074,-2.50341,6.33106, 0.257074,2.50341
3.96, 5.66637, -0.282108,-2.49956,6.33363, 0.282108,2.49956
3.97, 5.66355, -0.307104,-2.49533,6.33645, 0.307104,2.49533
3.98, 5.66048, -0.332057,-2.49072,6.33952, 0.332057,2.49072
3.99, 5.65716, -0.356964,-2.48574,6.34284, 0.356964,2.48574
4, 5.65359, -0.381821,-2.48038,6.34641, 0.381821,2.48038
4.01, 5.64977, -0.406625,-2.47466,6.35023, 0.406625,2.47466
4.02, 5.64571, -0.431372,-2.46856,6.35429, 0.431372,2.46856
4.03, 5.64139, -0.456057,-2.46209,6.35861, 0.456057,2.46209
4.04, 5.63683, -0.480678,-2.45525,6.36317, 0.480678,2.45525
4.05, 5.63202, -0.505231,-2.44804,6.36798, 0.505231,2.44804
4.06, 5.62697, -0.529711,-2.44046,6.37303, 0.529711,2.44046
4.07, 5.62167, -0.554116,-2.43251,6.37833, 0.554116,2.43251
4.08, 5.61613, -0.578441,-2.4242,6.38387, 0.578441,2.4242
4.09, 5.61035, -0.602683,-2.41552,6.38965, 0.602683,2.41552
4.1, 5.60432, -0.626838,-2.40648,6.39568, 0.626838,2.40648
4.11, 5.59805, -0.650903,-2.39708,6.40195, 0.650903,2.39708
4.12, 5.59155, -0.674874,-2.38732,6.40845, 0.674874,2.38732
4.13, 5.5848, -0.698747,-2.37719,6.4152, 0.698747,2.37719
4.14, 5.57781, -0.722519,-2.36671,6.42219, 0.722519,2.36671
4.15, 5.57058, -0.746186,-2.35588,6.42942, 0.746186,2.35588
4.16, 5.56312, -0.769745,-2.34468,6.43688, 0.769745,2.34468
4.17, 5.55542, -0.793192,-2.33314,6.44458, 0.793192,2.33314
4.18, 5.54749, -0.816523,-2.32124,6.45251, 0.816523,2.32124
4.19, 5.53933, -0.839735,-2.30899,6.46067, 0.839735,2.30899
4.2, 5.53093, -0.862825,-2.2964,6.46907, 0.862825,2.2964
4.21, 5.5223, -0.885789,-2.28345,6.4777, 0.885789,2.28345
4.22, 5.51344, -0.908624,-2.27017,6.48656, 0.908624,2.27017
4.23, 5.50436, -0.931325,-2.25654,6.49564, 0.931325,2.25654
4.24, 5.49504, -0.953891,-2.24257,6.50496, 0.953891,2.24257
4.25, 5.48551, -0.976316,-2.22826,6.51449, 0.976316,2.22826
4.26, 5.47574, -0.998599,-2.21361,6.52426, 0.998599,2.21361
4.27, 5.46576, -1.02074,-2.19863,6.53424, 1.02074,2.19863
4.28, 5.45555, -1.04272,-2.18332,6.54445, 1.04272,2.18332
4.29, 5.44512, -1.06455,-2.16768,6.55488, 1.06455,2.16768
4.3, 5.43448, -1.08623,-2.15171,6.56552, 1.08623,2.15171
4.31, 5.42361, -1.10775,-2.13542,6.57639, 1.10775,2.13542
4.32, 5.41254, -1.1291,-2.1188,6.58746, 1.1291,2.1188
4.33, 5.40125, -1.15029,-2.10187,6.59875, 1.15029,2.10187
4.34, 5.38974, -1.17131,-2.08461,6.61026, 1.17131,2.08461
4.35, 5.37803, -1.19216,-2.06704,6.62197, 1.19216,2.06704
4.36, 5.36611, -1.21283,-2.04916,6.63389, 1.21283,2.04916
4.37, 5.35398, -1.23332,-2.03097,6.64602, 1.23332,2.03097
4.38, 5.34165, -1.25363,-2.01247,6.65835, 1.25363,2.01247
4.39, 5.32911, -1.27375,-1.99367,6.67089, 1.27375,1.99367
4.4, 5.31637, -1.29369,-1.97456,6.68363, 1.29369,1.97456
4.41, 5.30344, -1.31343,-1.95515,6.69656, 1.31343,1.95515
4.42, 5.2903, -1.33299,-1.93545,6.7097, 1.33299,1.93545
4.43, 5.27697, -1.35234,-1.91546,6.72303, 1.35234,1.91546
4.44, 5.26345, -1.3715,-1.89517,6.73655, 1.3715,1.89517
4.45, 5.24973, -1.39045,-1.8746,6.75027, 1.39045,1.8746
4.46, 5.23583, -1.40919,-1.85374,6.76417, 1.40919,1.85374
4.47, 5.22174, -1.42773,-1.83261,6.77826, 1.42773,1.8326
4.48, 5.20746, -1.44606,-1.81119,6.79254, 1.44606,1.81119
4.49, 5.193, -1.46417,-1.7895,6.807, 1.46417,1.7895
4.5, 5.17836, -1.48206,-1.76754,6.82164, 1.48206,1.76754
4.51, 5.16354, -1.49974,-1.7453,6.83646, 1.49974,1.7453
4.52, 5.14854, -1.51719,-1.72281,6.85146, 1.51719,1.72281
4.53, 5.13337, -1.53442,-1.70005,6.86663, 1.53442,1.70005
4.54, 5.11802, -1.55142,-1.67703,6.88198, 1.55142,1.67703
4.55, 5.10251, -1.56819,-1.65376,6.89749, 1.56819,1.65376
4.56, 5.08683, -1.58473,-1.63024,6.91317, 1.58473,1.63024
4.57, 5.07098, -1.60103,-1.60647,6.92902, 1.60103,1.60647
4.58, 5.05497, -1.6171,-1.58245,6.94503, 1.6171,1.58245
4.59, 5.0388, -1.63292,-1.5582,6.9612, 1.63292,1.5582
4.6, 5.02247, -1.6485,-1.5337,6.97753, 1.6485,1.5337
4.61, 5.00598, -1.66384,-1.50898,6.99402, 1.66384,1.50898
4.62, 4.98935, -1.67893,-1.48402,7.01065, 1.67893,1.48402
4.63, 4.97256, -1.69377,-1.45883,7.02744, 1.69377,1.45883
4.64, 4.95562, -1.70836,-1.43343,7.04438, 1.70836,1.43343
4.65, 4.93854, -1.72269,-1.4078,7.06146, 1.72269,1.4078
4.66, 4.92131, -1.73677,-1.38196,7.07869, 1.73677,1.38196
4.67, 4.90394, -1.75059,-1.35591,7.09606, 1.75059,1.35591
4.68, 4.88643, -1.76415,-1.32965,7.11357, 1.76415,1.32965
4.69, 4.86879, -1.77744,-1.30319,7.13121, 1.77744,1.30319
4.7, 4.85102, -1.79048,-1.27653,7.14898, 1.79048,1.27653
4.71, 4.83311, -1.80324,-1.24967,7.16689, 1.80324,1.24967
4.72, 4.81508, -1.81574,-1.22262,7.18492, 1.81574,1.22262
4.73, 4.79692, -1.82796,-1.19539,7.20308, 1.82796,1.19539
4.74, 4.77864, -1.83992,-1.16797,7.22136, 1.83992,1.16797
4.75, 4.76025, -1.8516,-1.14037,7.23975, 1.8516,1.14037
4.76, 4.74173, -1.863,-1.11259,7.25827, 1.863,1.11259
4.77, 4.7231, -1.87413,-1.08465,7.2769, 1.87413,1.08465
4.78, 4.70436, -1.88497,-1.05654,7.29564, 1.88497,1.05654
4.79, 4.68551, -1.89554,-1.02826,7.31449, 1.89554,1.02826
4.8, 4.66655, -1.90582,-0.99983,7.33345, 1.90582,0.99983
4.81, 4.64749, -1.91582,-0.971242,7.35251, 1.91582,0.971242
4.82, 4.62834, -1.92553,-0.942505,7.37166, 1.92553,0.942505
4.83, 4.60908, -1.93496,-0.913622,7.39092, 1.93496,0.913622
4.84, 4.58973, -1.94409,-0.884598,7.41027, 1.94409,0.884598
4.85, 4.57029, -1.95294,-0.855436,7.42971, 1.95294,0.855436
4.86, 4.55076, -1.96149,-0.826142,7.44924, 1.96149,0.826142
4.87, 4.53115, -1.96976,-0.79672,7.46885, 1.96976,0.79672
4.88, 4.51145, -1.97772,-0.767173,7.48855, 1.97772,0.767173
4.89, 4.49167, -1.9854,-0.737507,7.50833, 1.98539,0.737507
4.9, 4.47182, -1.99277,-0.707726,7.52818, 1.99277,0.707726
4.91, 4.45189, -1.99985,-0.677835,7.54811, 1.99985,0.677835
4.92, 4.43189, -2.00663,-0.647837,7.56811, 2.00663,0.647837
4.93, 4.41183, -2.0131,-0.617738,7.58817, 2.0131,0.617738
4.94, 4.39169, -2.01928,-0.587541,7.60831, 2.01928,0.587541
4.95, 4.3715, -2.02516,-0.557252,7.6285, 2.02516,0.557252
4.96, 4.35125, -2.03073,-0.526875,7.64875, 2.03073,0.526875
4.97, 4.33094, -2.036,-0.496414,7.66906, 2.036,0.496414
4.98, 4.31058, -2.04096,-0.465874,7.68942, 2.04096,0.465874
4.99, 4.29017, -2.04562,-0.43526,7.70983, 2.04562,0.435259
5, 4.26972, -2.04997,-0.404575,7.73028, 2.04997,0.404575
5.01, 4.24922, -2.05402,-0.373826,7.75078, 2.05402,0.373826
5.02, 4.22868, -2.05776,-0.343015,7.77132, 2.05776,0.343015
5.03, 4.2081, -2.06119,-0.312149,7.7919, 2.06119,0.312148
5.04, 4.18749, -2.06431,-0.281231,7.81251, 2.06431,0.281231
5.05, 4.16684, -2.06712,-0.250267,7.83316, 2.06712,0.250267
5.06, 4.14617, -2.06962,-0.21926,7.85383, 2.06962,0.21926
5.07, 4.12548, -2.07182,-0.188215,7.87452, 2.07182,0.188215
5.08, 4.10476, -2.0737,-0.157138,7.89524, 2.0737,0.157138
5.09, 4.08402, -2.07527,-0.126032,7.91598, 2.07527,0.126032
5.1, 4.06327, -2.07653,-0.094903,7.93673, 2.07653,0.094903
5.11, 4.0425, -2.07748,-0.063755,7.9575, 2.07748,0.063755
5.12, 4.02173, -2.07812,-0.0325928,7.97827, 2.07812,0.0325928
5.13, 4.00095, -2.07844,-0.00142121,7.99905, 2.07844,0.00142121
5.14, 3.98016, -2.07846,0.0297554,8.01984, 2.07846,-0.0297546
5.15, 3.95938, -2.07816,0.0609325,8.04062, 2.07816,-0.0609326
5.16, 3.9386, -2.07755,0.0921047,8.0614, 2.07755,-0.0921049
5.17, 3.91782, -2.07663,0.123268,8.08218, 2.07663,-0.123267
5.18, 3.89706, -2.0754,0.154417,8.10294, 2.0754,-0.154417
5.19, 3.8763, -2.07385,0.185548,8.1237, 2.07385,-0.185549
5.2, 3.85556, -2.072,0.216656,8.14444, 2.072,-0.216657
5.21, 3.83484, -2.06983,0.247736,8.16516, 2.06983,-0.247736
5.22, 3.81414, -2.06735,0.278784,8.18586, 2.06735,-0.278784
5.23, 3.79347, -2.06457,0.309794,8.20653, 2.06457,-0.309794
5.24, 3.77283, -2.06147,0.340762,8.22717, 2.06147,-0.340762
5.25, 3.75221, -2.05806,0.371684,8.24779, 2.05806,-0.371684
5.26, 3.73163, -2.05434,0.402555,8.26837, 2.05434,-0.402555
5.27, 3.71109, -2.05032,0.43337,8.28891, 2.05032,-0.433371
5.28, 3.69058, -2.04598,0.464125,8.30942, 2.04598,-0.464125
5.29, 3.67012, -2.04134,0.494815,8.32988, 2.04134,-0.494815
5.3, 3.64971, -2.03639,0.525435,8.35029, 2.03639,-0.525435
5.31, 3.62935, -2.03114,0.555981,8.37065, 2.03114,-0.555981
5.32, 3.60903, -2.02558,0.586448,8.39097, 2.02558,-0.586448
5.33, 3.58878, -2.01972,0.616832,8.41122, 2.01972,-0.616832
5.34, 3.56858, -2.01355,0.647127,8.43142, 2.01355,-0.647128
5.35, 3.54845, -2.00708,0.67733,8.45155, 2.00708,-0.67733
5.36, 3.52838, -2.0003,0.707437,8.47162, 2.0003,-0.707437
5.37, 3.50837, -1.99323,0.737441,8.49163, 1.99323,-0.737442
5.38, 3.48844, -1.98585,0.767339,8.51156, 1.98585,-0.767339
5.39, 3.46858, -1.97818,0.797127,8.53142, 1.97818,-0.797127
5.4, 3.4488, -1.97021,0.8268,8.5512, 1.97021,-0.8268
5.41, 3.4291, -1.96194,0.856353,8.5709, 1.96194,-0.856353
5.42, 3.40948, -1.95338,0.885783,8.59052, 1.95338,-0.885783
5.43, 3.38994, -1.94452,0.915083,8.61006, 1.94452,-0.915082
5.44, 3.3705, -1.93537,0.944251,8.6295, 1.93537,-0.944251
5.45, 3.35115, -1.92593,0.973281,8.64885, 1.92593,-0.973281
5.46, 3.33189, -1.91619,1.00217,8.66811, 1.91619,-1.00217
5.47, 3.31272, -1.90617,1.03091,8.68728, 1.90617,-1.03091
5.48, 3.29366, -1.89586,1.05951,8.70634, 1.89586,-1.05951
5.49, 3.2747, -1.88527,1.08794,8.7253, 1.88527,-1.08794
5.5, 3.25585, -1.87439,1.11622,8.74415, 1.87439,-1.11622
5.51, 3.23711, -1.86323,1.14434,8.76289, 1.86323,-1.14434
5.52, 3.21848, -1.85178,1.17229,8.78152, 1.85178,-1.17229
5.53, 3.19996, -1.84006,1.20006,8.80004, 1.84006,-1.20006
5.54, 3.18156, -1.82806,1.22766,8.81844, 1.82806,-1.22766
5.55, 3.16328, -1.81578,1.25509,8.83672, 1.81578,-1.25508
5.56, 3.14512, -1.80323,1.28232,8.85488, 1.80323,-1.28232
5.57, 3.12709, -1.79041,1.30937,8.87291, 1.79041,-1.30937
5.58, 3.10918, -1.77731,1.33623,8.89082, 1.77731,-1.33623
5.59, 3.09141, -1.76395,1.36289,8.90859, 1.76395,-1.36289
5.6, 3.07377, -1.75032,1.38935,8.92623, 1.75032,-1.38935
5.61, 3.05627, -1.73643,1.4156,8.94373, 1.73643,-1.4156
5.62, 3.0389, -1.72227,1.44165,8.9611, 1.72227,-1.44165
5.63, 3.02168, -1.70786,1.46748,8.97832, 1.70786,-1.46748
5.64, 3.0046, -1.69318,1.4931,8.9954, 1.69318,-1.4931
5.65, 2.98767, -1.67825,1.5185,9.01233, 1.67825,-1.5185
5.66, 2.97089, -1.66307,1.54367,9.02911, 1.66307,-1.54367
5.67, 2.95426, -1.64763,1.56862,9.04574, 1.64763,-1.56862
5.68, 2.93778, -1.63194,1.59333,9.06222, 1.63194,-1.59333
5.69, 2.92146, -1.61601,1.61781,9.07854, 1.61601,-1.61781
5.7, 2.9053, -1.59983,1.64205,9.0947, 1.59983,-1.64205
5.71, 2.8893, -1.58341,1.66605,9.1107, 1.58341,-1.66605
5.72, 2.87347, -1.56675,1.6898,9.12653, 1.56675,-1.6898
5.73, 2.8578, -1.54985,1.7133,9.1422, 1.54985,-1.7133
5.74, 2.8423, -1.53272,1.73655,9.1577, 1.53272,-1.73655
5.75, 2.82697, -1.51536,1.75954,9.17303, 1.51536,-1.75954
5.76, 2.81182, -1.49776,1.78227,9.18818, 1.49776,-1.78227
5.77, 2.79684, -1.47994,1.80474,9.20316, 1.47994,-1.80474
5.78, 2.78204, -1.46189,1.82693,9.21796, 1.46189,-1.82693
5.79, 2.76742, -1.44362,1.84886,9.23258, 1.44362,-1.84886
5.8, 2.75299, -1.42513,1.87052,9.24701, 1.42513,-1.87052
5.81, 2.73874, -1.40643,1.89189,9.26126, 1.40643,-1.89189
5.82, 2.72467, -1.38751,1.91299,9.27533, 1.38751,-1.91299
5.83, 2.7108, -1.36838,1.9338,9.2892, 1.36838,-1.9338
5.84, 2.69711, -1.34904,1.95433,9.30289, 1.34904,-1.95433
5.85, 2.68362, -1.3295,1.97456,9.31638, 1.3295,-1.97457
5.86, 2.67033, -1.30975,1.99451,9.32967, 1.30975,-1.99451
5.87, 2.65723, -1.28981,2.01415,9.34277, 1.28981,-2.01415
5.88, 2.64433, -1.26966,2.0335,9.35567, 1.26966,-2.0335
5.89, 2.63164, -1.24933,2.05255,9.36836, 1.24933,-2.05255
5.9, 2.61914, -1.2288,2.07129,9.38086, 1.2288,-2.07128
5.91, 2.60685, -1.20809,2.08972,9.39314, 1.20809,-2.08972
5.92, 2.59477, -1.18719,2.10784,9.40523, 1.18719,-2.10784
5.93, 2.5829, -1.16612,2.12565,9.4171, 1.16612,-2.12565
5.94, 2.57124, -1.14486,2.14314,9.42876, 1.14486,-2.14314
5.95, 2.55979, -1.12343,2.16031,9.44021, 1.12343,-2.16031
5.96, 2.54856, -1.10182,2.17716,9.45144, 1.10182,-2.17716
5.97, 2.53754, -1.08005,2.19369,9.46246, 1.08005,-2.19369
5.98, 2.52674, -1.05812,2.20989,9.47326, 1.05812,-2.20989
5.99, 2.51616, -1.03602,2.22576,9.48384, 1.03602,-2.22576
6, 2.5058, -1.01376,2.2413,9.4942, 1.01376,-2.2413
6.01, 2.49566, -0.991346,2.25651,9.50434, 0.991346,-2.25651
6.02, 2.48575, -0.968781,2.27138,9.51425, 0.968781,-2.27138
6.03, 2.47606, -0.946068,2.28591,9.52394, 0.946067,-2.28591
6.04, 2.4666, -0.923208,2.3001,9.5334, 0.923208,-2.3001
6.05, 2.45737, -0.900207,2.31395,9.54263, 0.900207,-2.31395
6.06, 2.44836, -0.877068,2.32745,9.55164, 0.877068,-2.32745
6.07, 2.43959, -0.853793,2.34061,9.56041, 0.853793,-2.34061
6.08, 2.43106, -0.830387,2.35342,9.56894, 0.830387,-2.35342
6.09, 2.42275, -0.806853,2.36587,9.57725, 0.806853,-2.36587
6.1, 2.41468, -0.783194,2.37797,9.58532, 0.783194,-2.37797
6.11, 2.40685, -0.759415,2.38972,9.59315, 0.759415,-2.38972
6.12, 2.39926, -0.735517,2.40111,9.60074, 0.735517,-2.40111
6.13, 2.3919, -0.711506,2.41215,9.6081, 0.711506,-2.41215
6.14, 2.38479, -0.687385,2.42282,9.61521, 0.687385,-2.42282
6.15, 2.37791, -0.663157,2.43313,9.62209, 0.663157,-2.43313
6.16, 2.37128, -0.638825,2.44308,9.62872, 0.638825,-2.44308
6.17, 2.36489, -0.614395,2.45266,9.63511, 0.614394,-2.45266
6.18, 2.35875, -0.589868,2.46188,9.64125, 0.589868,-2.46188
6.19, 2.35285, -0.565249,2.47072,9.64715, 0.565249,-2.47072
6.2, 2.3472, -0.540542,2.4792,9.6528, 0.540542,-2.4792
6.21, 2.34179, -0.51575,2.48731,9.65821, 0.51575,-2.48731
6.22, 2.33664, -0.490877,2.49505,9.66336, 0.490877,-2.49505
6.23, 2.33173, -0.465926,2.50241,9.66827, 0.465926,-2.50241
6.24, 2.32707, -0.440902,2.5094,9.67293, 0.440902,-2.5094
6.25, 2.32266, -0.415808,2.51601,9.67734, 0.415808,-2.51601
6.26, 2.3185, -0.390648,2.52225,9.6815, 0.390648,-2.52225
6.27, 2.31459, -0.365426,2.52811,9.68541, 0.365426,-2.52811
6.28, 2.31094, -0.340144,2.53359,9.68906, 0.340144,-2.53359
6.29, 2.30754, -0.314809,2.53869,9.69246, 0.314809,-2.53869
6.3, 2.30439, -0.289422,2.54342,9.69561, 0.289422,-2.54342
6.31, 2.3015, -0.263988,2.54776,9.6985, 0.263987,-2.54776
6.32, 2.29886, -0.23851,2.55172,9.70114, 0.23851,-2.55172
6.33, 2.29647, -0.212993,2.55529,9.70353, 0.212993,-2.55529
6.34, 2.29434, -0.18744,2.55849,9.70566, 0.18744,-2.55849
6.35, 2.29247, -0.161855,2.5613,9.70753, 0.161855,-2.5613
6.36, 2.29085, -0.136242,2.56373,9.70915, 0.136242,-2.56373
6.37, 2.28949, -0.110605,2.56577,9.71051, 0.110605,-2.56577
6.38, 2.28838, -0.0849469,2.56743,9.71162, 0.0849469,-2.56743
6.39, 2.28753, -0.0592726,2.56871,9.71247, 0.0592726,-2.56871
6.4, 2.28694, -0.0335856,2.56959,9.71306, 0.0335856,-2.56959
6.41, 2.2866, -0.00788963,2.5701,9.7134, 0.00788961,-2.5701
6.42, 2.28652, 0.0178113,2.57022,9.71348, -0.0178114,-2.57022
6.43, 2.2867, 0.0435135,2.56995,9.7133, -0.0435135,-2.56995
6.44, 2.28714, 0.069213,2.5693,9.71286, -0.069213,-2.5693
6.45, 2.28783, 0.094906,2.56826,9.71217, -0.094906,-2.56826
6.46, 2.28878, 0.120589,2.56683,9.71122, -0.120589,-2.56683
6.47, 2.28998, 0.146257,2.56503,9.71002, -0.146257,-2.56503
6.48, 2.29145, 0.171907,2.56283,9.70855, -0.171907,-2.56283
6.49, 2.29316, 0.197535,2.56025,9.70684, -0.197535,-2.56025
6.5, 2.29514, 0.223138,2.55729,9.70486, -0.223138,-2.55729
6.51, 2.29737, 0.248711,2.55394,9.70263, -0.248711,-2.55394
6.52, 2.29986, 0.27425,2.55021,9.70014, -0.27425,-2.55021
6.53, 2.3026, 0.299752,2.5461,9.6974, -0.299752,-2.5461
6.54, 2.3056, 0.325213,2.5416,9.6944, -0.325213,-2.5416
6.55, 2.30885, 0.350629,2.53672,9.69115, -0.350629,-2.53672
6.56, 2.31236, 0.375997,2.53146,9.68764, -0.375997,-2.53146
6.57, 2.31612, 0.401311,2.52583,9.68388, -0.401311,-2.52583
6.58, 2.32013, 0.42657,2.51981,9.67987, -0.42657,-2.51981
6.59, 2.3244, 0.451768,2.51341,9.6756, -0.451768,-2.51341
6.6, 2.32891, 0.476902,2.50663,9.67109, -0.476902,-2.50663
6.61, 2.33368, 0.501968,2.49948,9.66632, -0.501968,-2.49948
6.62, 2.3387, 0.526963,2.49195,9.6613, -0.526963,-2.49195
6.63, 2.34397, 0.551882,2.48404,9.65603, -0.551882,-2.48404
6.64, 2.34949, 0.576723,2.47576,9.65051, -0.576723,-2.47576
6.65, 2.35526, 0.60148,2.46711,9.64474, -0.60148,-2.46711
6.66, 2.36127, 0.626152,2.45809,9.63873, -0.626152,-2.45809
6.67, 2.36753, 0.650732,2.4487,9.63247, -0.650732,-2.4487
6.68, 2.37404, 0.675219,2.43894,9.62596, -0.675219,-2.43894
6.69, 2.38079, 0.699609,2.42881,9.61921, -0.699609,-2.42881
6.7, 2.38779, 0.723897,2.41832,9.61221, -0.723897,-2.41832
6.71, 2.39503, 0.74808,2.40746,9.60497, -0.74808,-2.40746
6.72, 2.40251, 0.772155,2.39624,9.59749, -0.772155,-2.39624
6.73, 2.41023, 0.796117,2.38465,9.58977, -0.796117,-2.38465
6.74, 2.41819, 0.819964,2.37271,9.58181, -0.819964,-2.37271
6.75, 2.42639, 0.843691,2.36041,9.57361, -0.843691,-2.36041
6.76, 2.43483, 0.867295,2.34776,9.56517, -0.867295,-2.34776
6.77, 2.4435, 0.890772,2.33475,9.5565, -0.890772,-2.33475
6.78, 2.45241, 0.91412,2.32139,9.54759, -0.91412,-2.32139
6.79, 2.46155, 0.937334,2.30767,9.53845, -0.937334,-2.30767
6.8, 2.47092, 0.96041,2.29361,9.52908, -0.96041,-2.29361
6.81, 2.48053, 0.983347,2.27921,9.51947, -0.983347,-2.27921
6.82, 2.49036, 1.00614,2.26446,9.50964, -1.00614,-2.26446
6.83, 2.50042, 1.02878,2.24937,9.49958, -1.02878,-2.24937
6.84, 2.51071, 1.05128,2.23393,9.48929, -1.05128,-2.23393
6.85, 2.52122, 1.07362,2.21817,9.47878, -1.07362,-2.21817
6.86, 2.53196, 1.0958,2.20206,9.46804, -1.0958,-2.20206
6.87, 2.54292, 1.11782,2.18562,9.45708, -1.11782,-2.18562
6.88, 2.5541, 1.13967,2.16886,9.4459, -1.13967,-2.16886
6.89, 2.56549, 1.16136,2.15176,9.43451, -1.16136,-2.15176
6.9, 2.57711, 1.18288,2.13434,9.42289, -1.18288,-2.13434
6.91, 2.58893, 1.20422,2.1166,9.41107, -1.20422,-2.1166
6.92, 2.60098, 1.22539,2.09853,9.39902, -1.22539,-2.09853
6.93, 2.61323, 1.24638,2.08015,9.38677, -1.24638,-2.08015
6.94, 2.62569, 1.26718,2.06146,9.37431, -1.26718,-2.06146
6.95, 2.63837, 1.28779,2.04245,9.36163, -1.28779,-2.04245
6.96, 2.65124, 1.30822,2.02313,9.34876, -1.30822,-2.02313
6.97, 2.66433, 1.32845,2.00351,9.33567, -1.32845,-2.00351
6.98, 2.67761, 1.34848,1.98358,9.32239, -1.34848,-1.98358
6.99, 2.6911, 1.36832,1.96336,9.3089, -1.36832,-1.96336
7, 2.70478, 1.38795,1.94283,9.29522, -1.38795,-1.94283
7.01, 2.71866, 1.40738,1.92201,9.28134, -1.40738,-1.92201
7.02, 2.73273, 1.4266,1.9009,9.26727, -1.4266,-1.9009
7.03, 2.747, 1.44561,1.8795,9.253, -1.44561,-1.8795
7.04, 2.76145, 1.4644,1.85782,9.23855, -1.4644,-1.85782
7.05, 2.7761, 1.48298,1.83585,9.2239, -1.48298,-1.83585
7.06, 2.79093, 1.50134,1.81361,9.20907, -1.50134,-1.81361
7.07, 2.80594, 1.51948,1.79109,9.19406, -1.51948,-1.79109
7.08, 2.82114, 1.53739,1.7683,9.17886, -1.53739,-1.7683
7.09, 2.83651, 1.55507,1.74523,9.16349, -1.55507,-1.74523
7.1, 2.85206, 1.57252,1.72191,9.14794, -1.57252,-1.72191
7.11, 2.86779, 1.58974,1.69832,9.13221, -1.58974,-1.69832
7.12, 2.88368, 1.60673,1.67447,9.11632, -1.60673,-1.67447
7.13, 2.89975, 1.62347,1.65037,9.10025, -1.62347,-1.65037
7.14, 2.91599, 1.63997,1.62602,9.08401, -1.63997,-1.62602
7.15, 2.93239, 1.65623,1.60142,9.06761, -1.65623,-1.60142
7.16, 2.94895, 1.67225,1.57658,9.05105, -1.67225,-1.57658
7.17, 2.96567, 1.68801,1.55149,9.03433, -1.68801,-1.55149
7.18, 2.98255, 1.70353,1.52617,9.01745, -1.70353,-1.52617
7.19, 2.99959, 1.71879,1.50062,9.00041, -1.71879,-1.50062
7.2, 3.01677, 1.7338,1.47484,8.98323, -1.7338,-1.47484
7.21, 3.03411, 1.74855,1.44883,8.96589, -1.74855,-1.44883
7.22, 3.0516, 1.76303,1.4226,8.9484, -1.76303,-1.42261
7.23, 3.06923, 1.77726,1.39616,8.93077, -1.77726,-1.39616
7.24, 3.087, 1.79122,1.3695,8.913, -1.79122,-1.3695
7.25, 3.10491, 1.80492,1.34263,8.89509, -1.80492,-1.34263
7.26, 3.12296, 1.81834,1.31556,8.87704, -1.81834,-1.31556
7.27, 3.14114, 1.8315,1.28828,8.85886, -1.8315,-1.28828
7.28, 3.15946, 1.84438,1.26081,8.84054, -1.84438,-1.26081
7.29, 3.1779, 1.85699,1.23314,8.8221, -1.85699,-1.23315
7.3, 3.19647, 1.86932,1.20529,8.80353, -1.86932,-1.20529
7.31, 3.21517, 1.88137,1.17725,8.78483, -1.88137,-1.17725
7.32, 3.23398, 1.89315,1.14903,8.76602, -1.89315,-1.14903
7.33, 3.25291, 1.90464,1.12063,8.74709, -1.90464,-1.12063
7.34, 3.27196, 1.91584,1.09206,8.72804, -1.91584,-1.09206
7.35, 3.29112, 1.92676,1.06332,8.70888, -1.92676,-1.06332
7.36, 3.31038, 1.9374,1.03442,8.68962, -1.9374,-1.03442
7.37, 3.32976, 1.94774,1.00536,8.67024, -1.94774,-1.00536
7.38, 3.34924, 1.95779,0.976147,8.65076, -1.95779,-0.976147
7.39, 3.36881, 1.96756,0.94678,8.63119, -1.96756,-0.94678
7.4, 3.38849, 1.97702,0.917266,8.61151, -1.97702,-0.917265
7.41, 3.40826, 1.9862,0.887611,8.59174, -1.9862,-0.887611
7.42, 3.42812, 1.99507,0.857818,8.57188, -1.99507,-0.857818
7.43, 3.44807, 2.00365,0.827892,8.55193, -2.00365,-0.827891
7.44, 3.46811, 2.01193,0.797837,8.53189, -2.01193,-0.797836
7.45, 3.48823, 2.01991,0.767658,8.51177, -2.01991,-0.767658
7.46, 3.50843, 2.02758,0.737359,8.49157, -2.02758,-0.73736
7.47, 3.5287, 2.03496,0.706946,8.4713, -2.03496,-0.706946
7.48, 3.54905, 2.04203,0.676421,8.45095, -2.04203,-0.676422
7.49, 3.56947, 2.04879,0.645791,8.43053, -2.04879,-0.64579
7.5, 3.58996, 2.05525,0.615059,8.41004, -2.05525,-0.615058
7.51, 3.61051, 2.0614,0.58423,8.38949, -2.0614,-0.584229
7.52, 3.63113, 2.06724,0.553309,8.36887, -2.06724,-0.553309
7.53, 3.6518, 2.07278,0.5223,8.3482, -2.07278,-0.522301
7.54, 3.67253, 2.078,0.491209,8.32747, -2.078,-0.491209
7.55, 3.69331, 2.08291,0.460039,8.30669, -2.08291,-0.46004
7.56, 3.71414, 2.08751,0.428796,8.28586, -2.08751,-0.428796
7.57, 3.73501, 2.0918,0.397483,8.26499, -2.0918,-0.397482
7.58, 3.75593, 2.09577,0.366106,8.24407, -2.09577,-0.366105
7.59, 3.77689, 2.09944,0.334669,8.22311, -2.09944,-0.33467
7.6, 3.79788, 2.10278,0.303178,8.20212, -2.10278,-0.303177
7.61, 3.81891, 2.10581,0.271636,8.18109, -2.10581,-0.271636
7.62, 3.83997, 2.10853,0.240048,8.16003, -2.10853,-0.240048
7.63, 3.86105, 2.11093,0.208421,8.13895, -2.11093,-0.208421
7.64, 3.88216, 2.11301,0.176757,8.11784, -2.11301,-0.176757
7.65, 3.90329, 2.11478,0.145061,8.09671, -2.11478,-0.145061
7.66, 3.92444, 2.11623,0.11334,8.07556, -2.11623,-0.113339
7.67, 3.9456, 2.11737,0.0815962,8.0544, -2.11737,-0.0815964
7.68, 3.96678, 2.11818,0.049836,8.03322, -2.11818,-0.0498362
7.69, 3.98796, 2.11868,0.0180631,8.01204, -2.11868,-0.0180631
7.7, 4.00914, 2.11886,-0.0137172,7.99086, -2.11886,0.0137172
7.71, 4.03033, 2.11872,-0.0455003,7.96967, -2.11872,0.0455003
7.72, 4.05152, 2.11827,-0.0772812,7.94848, -2.11827,0.0772812
7.73, 4.0727, 2.1175,-0.109055,7.9273, -2.1175,0.109055
7.74, 4.09388, 2.11641,-0.140817,7.90612, -2.11641,0.140817
7.75, 4.11504, 2.115,-0.172563,7.88496, -2.115,0.172563
7.76, 4.13619, 2.11327,-0.204288,7.86381, -2.11327,0.204288
7.77, 4.15733, 2.11123,-0.235988,7.84267, -2.11123,0.235988
7.78, 4.17844, 2.10887,-0.267656,7.82156, -2.10887,0.267656
7.79, 4.19953, 2.10619,-0.299289,7.80047, -2.10619,0.299289
7.8, 4.22059, 2.1032,-0.330882,7.77941, -2.1032,0.330882
7.81, 4.24162, 2.09989,-0.36243,7.75838, -2.09989,0.36243
7.82, 4.26262, 2.09627,-0.393929,7.73738, -2.09627,0.393929
7.83, 4.28358, 2.09233,-0.425373,7.71642, -2.09233,0.425373
7.84, 4.3045, 2.08807,-0.456757,7.6955, -2.08807,0.456757
7.85, 4.32539, 2.08351,-0.488078,7.67461, -2.08351,0.488078
7.86, 4.34622, 2.07863,-0.519331,7.65378, -2.07863,0.519331
7.87, 4.36701, 2.07343,-0.55051,7.63299, -2.07343,0.55051
7.88, 4.38774, 2.06793,-0.581612,7.61226, -2.06793,0.581612
7.89, 4.40842, 2.06211,-0.612631,7.59158, -2.06211,0.612631
7.9, 4.42904, 2.05598,-0.643563,7.57096, -2.05598,0.643563
7.91, 4.4496, 2.04955,-0.674402,7.5504, -2.04955,0.674402
7.92, 4.4701, 2.0428,-0.705146,7.5299, -2.0428,0.705146
7.93, 4.49053, 2.03575,-0.735788,7.50947, -2.03575,0.735788
7.94, 4.51088, 2.0284,-0.766324,7.48912, -2.0284,0.766324
7.95, 4.53117, 2.02073,-0.79675,7.46883, -2.02073,0.79675
7.96, 4.55137, 2.01276,-0.827061,7.44863, -2.01276,0.827061
7.97, 4.5715, 2.00449,-0.857252,7.4285, -2.00449,0.857252
7.98, 4.59155, 1.99592,-0.88732,7.40845, -1.99592,0.88732
7.99, 4.61151, 1.98705,-0.917258,7.38849, -1.98705,0.917258
